0.000000000000000000e+00 0.000000000000000000e+00
2.355712603062426191e-01 0.000000000000000000e+00
4.711425206124852383e-01 0.000000000000000000e+00
7.067137809187279407e-01 0.000000000000000000e+00
9.422850412249704766e-01 0.000000000000000000e+00
1.177856301531213123e+00 0.000000000000000000e+00
1.413427561837455881e+00 0.000000000000000000e+00
1.648998822143698417e+00 0.000000000000000000e+00
1.884570082449940953e+00 0.000000000000000000e+00
2.120141342756183711e+00 0.000000000000000000e+00
2.355712603062426247e+00 0.000000000000000000e+00
2.591283863368668783e+00 0.000000000000000000e+00
2.826855123674911763e+00 0.000000000000000000e+00
3.062426383981154299e+00 0.000000000000000000e+00
3.297997644287396835e+00 0.000000000000000000e+00
3.533568904593638926e+00 0.000000000000000000e+00
3.769140164899881906e+00 0.000000000000000000e+00
4.004711425206124886e+00 0.000000000000000000e+00
4.240282685512367422e+00 0.000000000000000000e+00
4.475853945818609958e+00 2.721487120646676434e-09
4.711425206124852494e+00 1.820471242549367094e-07
4.946996466431095030e+00 1.328887881907169189e-06
5.182567726737337566e+00 4.857683028834483245e-06
5.418138987043580101e+00 1.236620065483254054e-05
5.653710247349823526e+00 2.493315290799741089e-05
5.889281507656065173e+00 4.241015285676573324e-05
6.124852767962308597e+00 6.302220001166919459e-05
6.360424028268550245e+00 8.351471474367460582e-05
6.595995288574793669e+00 9.989213816778509994e-05
6.831566548881036205e+00 1.085571356584324288e-04
7.067137809187277853e+00 1.074771343326780932e-04
7.302709069493521277e+00 9.695212284694591613e-05
7.538280329799763813e+00 7.966190705075081545e-05
7.773851590106007237e+00 5.990838902344391412e-05
8.009422850412249772e+00 4.227021738933611967e-05
8.244994110718490532e+00 3.014568698724291081e-05
8.480565371024734844e+00 2.474989788627620404e-05
8.716136631330977380e+00 2.497230781437323103e-05
8.951707891637219916e+00 2.813136993130482938e-05
9.187279151943460676e+00 3.126465041101674972e-05
9.422850412249704988e+00 3.238853085773988287e-05
9.658421672555947524e+00 3.125590439423173010e-05
9.893992932862190059e+00 2.943645999299180767e-05
1.012956419316843260e+01 2.982625801786658232e-05
1.036513545347467513e+01 3.580562310530073495e-05
1.060070671378091767e+01 5.022507463849192131e-05
1.083627797408716020e+01 7.435045770391558533e-05
1.107184923439340274e+01 1.069529054231054839e-04
1.130742049469964705e+01 1.438564962255458831e-04
1.154299175500588781e+01 1.783070607372468823e-04
1.177856301531213035e+01 2.023597483062439739e-04
1.201413427561837466e+01 2.090951706907762813e-04
1.224970553592461719e+01 1.950227210956971687e-04
1.248527679623085795e+01 1.617581549041419956e-04
1.272084805653710049e+01 1.161607475849988150e-04
1.295641931684334303e+01 6.861149434534043060e-05
1.319199057714958734e+01 2.984383718475612580e-05
1.342756183745582810e+01 7.399971735367413189e-06
1.366313309776207241e+01 3.066642069737175346e-06
1.389870435806831495e+01 1.238694144702141134e-05
1.413427561837455571e+01 2.657711272056719064e-05
1.436984687868080002e+01 3.621199286565453598e-05
1.460541813898704255e+01 3.527557902401734215e-05
1.484098939929328687e+01 2.394312528818500955e-05
1.507656065959952763e+01 8.915340624085559630e-06
1.531213191990577016e+01 1.092666845168175050e-06
1.554770318021201447e+01 1.144876693404501651e-05
1.578327444051825523e+01 4.666593698906524961e-05
1.601884570082449954e+01 1.061300511589753463e-04
1.625441696113074030e+01 1.812840334659189274e-04
1.648998822143698106e+01 2.574584673409540357e-04
1.672555948174322538e+01 3.175730567363589684e-04
1.696113074204946969e+01 3.467558491968128270e-04
1.719670200235571400e+01 3.368431750785912462e-04
1.743227326266195476e+01 2.896475589641081538e-04
1.766784452296819552e+01 2.177874000507350183e-04
1.790341578327443983e+01 1.421102658589235327e-04
1.813898704358068059e+01 8.570766421552849655e-05
1.837455830388692135e+01 6.609371795238713591e-05
1.861012956419316566e+01 8.847343594790935497e-05
1.884570082449940998e+01 1.431389555720417796e-04
1.908127208480565429e+01 2.085505971665419379e-04
1.931684334511189505e+01 2.592758420744404506e-04
1.955241460541813581e+01 2.759229134059465872e-04
1.978798586572438012e+01 2.534304327679381486e-04
2.002355712603062088e+01 2.046642199411670762e-04
2.025912838633686519e+01 1.577680266387277070e-04
2.049469964664310950e+01 1.476134728769939075e-04
2.073027090694935026e+01 2.036348236495382847e-04
2.096584216725559457e+01 3.378921008883434252e-04
2.120141342756183533e+01 5.377462999534035571e-04
2.143698468786807965e+01 7.664802813203427196e-04
2.167255594817432041e+01 9.725736040078157823e-04
2.190812720848056117e+01 1.105012406426099207e-03
2.214369846878680548e+01 1.129408353662834626e-03
2.237926972909304979e+01 1.039061734081725939e-03
2.261484098939929410e+01 8.568406711693997771e-04
2.285041224970553486e+01 6.271981573515573831e-04
2.308598351001177562e+01 4.014003612956543090e-04
2.332155477031801993e+01 2.215523494472415925e-04
2.355712603062426069e+01 1.092475507102268439e-04
2.379269729093050501e+01 6.254756235583444829e-05
2.402826855123674932e+01 6.152272009353370913e-05
2.426383981154299008e+01 7.915748859519282962e-05
2.449941107184923439e+01 9.263384761006791378e-05
2.473498233215547515e+01 9.053397923501342484e-05
2.497055359246171591e+01 7.390603295221798760e-05
2.520612485276795667e+01 5.219299099950565997e-05
2.544169611307420098e+01 3.714434682007626798e-05
2.567726737338044529e+01 3.798398440701780709e-05
2.591283863368668605e+01 5.939228305905091957e-05
2.614840989399293036e+01 1.015279046990880975e-04
2.638398115429917468e+01 1.600932154970586337e-04
2.661955241460541899e+01 2.253522296331297381e-04
2.685512367491165620e+01 2.813990479569436942e-04
2.709069493521790051e+01 3.087211557007263200e-04
2.732626619552414482e+01 2.921088145413865047e-04
2.756183745583038558e+01 2.320685846448706439e-04
2.779740871613662989e+01 1.535522943780244216e-04
2.803297997644287420e+01 1.045987256777406533e-04
2.826855123674911141e+01 1.413848498292337452e-04
2.850412249705535572e+01 3.036941325773115114e-04
2.873969375736160003e+01 5.915734698261402007e-04
2.897526501766784435e+01 9.555596833265230005e-04
2.921083627797408511e+01 1.307779210134585096e-03
2.944640753828032942e+01 1.551759728883695148e-03
2.968197879858657373e+01 1.619629569734526518e-03
2.991755005889281094e+01 1.501020648295611033e-03
3.015312131919905525e+01 1.250600652740772607e-03
3.038869257950529956e+01 9.698109182059210052e-04
3.062426383981154032e+01 7.694711482648633645e-04
3.085983510011778463e+01 7.284988940134090422e-04
3.109540636042402895e+01 8.659049175930998328e-04
3.133097762073026615e+01 1.137246598857014285e-03
3.156654888103651047e+01 1.455627929808991005e-03
3.180212014134275478e+01 1.726677506175677357e-03
3.203769140164899909e+01 1.881947380844322792e-03
3.227326266195523630e+01 1.897794589834567646e-03
3.250883392226148061e+01 1.794863544560707349e-03
3.274440518256772492e+01 1.622197510023227563e-03
3.297997644287396213e+01 1.435521048396271948e-03
3.321554770318020644e+01 1.279445261733911168e-03
3.345111896348645075e+01 1.179114986537716740e-03
3.368669022379269506e+01 1.140929578624519771e-03
3.392226148409893938e+01 1.157631340042332944e-03
3.415783274440518369e+01 1.212441107478541991e-03
3.439340400471142800e+01 1.279873965810749250e-03
3.462897526501766521e+01 1.325398103256279162e-03
3.486454652532390952e+01 1.308907766265564668e-03
3.510011778563015383e+01 1.195812279241174978e-03
3.533568904593639104e+01 9.743392896334581235e-04
3.557126030624263535e+01 6.711100327342141465e-04
3.580683156654887966e+01 3.536081639977344936e-04
3.604240282685511687e+01 1.116286543153444420e-04
3.627797408716136118e+01 2.040452278898463188e-05
3.651354534746760550e+01 1.009461377606087664e-04
3.674911660777384270e+01 2.999169857798971708e-04
3.698468786808008701e+01 5.057200762122619547e-04
3.722025912838633133e+01 6.001161543024900952e-04
3.745583038869257564e+01 5.242915299335221659e-04
3.769140164899881995e+01 3.265267692880541544e-04
3.792697290930506426e+01 1.631601232312585069e-04
3.816254416961130858e+01 2.446596499980734215e-04
3.839811542991754578e+01 7.454509333753027607e-04
3.863368669022379009e+01 1.716606088822557026e-03
3.886925795053003441e+01 3.043272787347024895e-03
3.910482921083627161e+01 4.470258649600873484e-03
3.934040047114251593e+01 5.687549626320623913e-03
3.957597173144876024e+01 6.438452462609051651e-03
3.981154299175500455e+01 6.602691077481876759e-03
4.004711425206124176e+01 6.220563163178724139e-03
4.028268551236748607e+01 5.454232975099270256e-03
4.051825677267373038e+01 4.512113034606722757e-03
4.075382803297997469e+01 3.575796935131072846e-03
4.098939929328621901e+01 2.760206127176962829e-03
4.122497055359246332e+01 2.113643116926991646e-03
4.146054181389870052e+01 1.641480628844606661e-03
4.169611307420494484e+01 1.329644358476506560e-03
4.193168433451118915e+01 1.154451714964411591e-03
4.216725559481742636e+01 1.083305043534144073e-03
4.240282685512367067e+01 1.081414459003765928e-03
4.263839811542991498e+01 1.135153102746446841e-03
4.287396937573615929e+01 1.286307670379396731e-03
4.310954063604239650e+01 1.654877750365745795e-03
4.334511189634864081e+01 2.423447515206004176e-03
4.358068315665488512e+01 3.769765884683652733e-03
4.381625441696112233e+01 5.762002429682018707e-03
4.405182567726736664e+01 8.259566720012939331e-03
4.428739693757361096e+01 1.087328056212315784e-02
4.452296819787985527e+01 1.302367640034054683e-02
4.475853945818609958e+01 1.409871586976141171e-02
4.499411071849234389e+01 1.366807837275400318e-02
4.522968197879858820e+01 1.167846472385752378e-02
4.546525323910482541e+01 8.545510099511431298e-03
4.570082449941106972e+01 5.081320008304994126e-03
4.593639575971731404e+01 2.253489323075847772e-03
4.617196702002355124e+01 8.475174575149920344e-04
4.640753828032979555e+01 1.164756446903661077e-03
4.664310954063603987e+01 2.891938612960919149e-03
4.687868080094227707e+01 5.212003052278975195e-03
4.711425206124852139e+01 7.120763599915277617e-03
4.734982332155476570e+01 7.826513428484348917e-03
4.758539458186101001e+01 7.079241026104729495e-03
4.782096584216725432e+01 5.303884086101464529e-03
4.805653710247349863e+01 3.477751266847743834e-03
4.829210836277974295e+01 2.778587906651683315e-03
4.852767962308598015e+01 4.121052673987659135e-03
4.876325088339222447e+01 7.763482626455072214e-03
4.899882214369846878e+01 1.315870308339726381e-02
4.923439340400470599e+01 1.912280909458661388e-02
4.946996466431095030e+01 2.424672882090491213e-02
4.970553592461719461e+01 2.736558587958552724e-02
4.994110718492343182e+01 2.789541401067868048e-02
5.017667844522968323e+01 2.594147273226495715e-02
5.041224970553591334e+01 2.219794460406373030e-02
5.064782096584215765e+01 1.772661281047726439e-02
5.088339222614840196e+01 1.369500493309159378e-02
5.111896348645464627e+01 1.111157426800274579e-02
5.135453474676089058e+01 1.057468426912934294e-02
5.159010600706713490e+01 1.207778182886199043e-02
5.182567726737337210e+01 1.495150656813237257e-02
5.206124852767961642e+01 1.801730797732533154e-02
5.229681978798586073e+01 1.995606760718042147e-02
5.253239104829210504e+01 1.979575660824997585e-02
5.276796230859834935e+01 1.734953453152406067e-02
5.300353356890459366e+01 1.342198654151190509e-02
5.323910482921083798e+01 9.652752141178704698e-03
5.347467608951706808e+01 7.985960202692213988e-03
5.371024734982331239e+01 9.917726149778899325e-03
5.394581861012955670e+01 1.581707933646617215e-02
5.418138987043580101e+01 2.463456705992135565e-02
5.441696113074204533e+01 3.415855617273329953e-02
5.465253239104828964e+01 4.173001636739884918e-02
5.488810365135453395e+01 4.512937417635295989e-02
5.512367491166077116e+01 4.330666639193483242e-02
5.535924617196701547e+01 3.671762035274472868e-02
5.559481743227325978e+01 2.717147446619805340e-02
5.583038869257950410e+01 1.724082614228329355e-02
5.606595995288574841e+01 9.422423914037462989e-03
5.630153121319199272e+01 5.342670775970466586e-03
5.653710247349822282e+01 5.300711385562498212e-03
5.677267373380446713e+01 8.297792644513619573e-03
5.700824499411071145e+01 1.249076912282879280e-02
5.724381625441695576e+01 1.587016986478230127e-02
5.747938751472320007e+01 1.695780396824734387e-02
5.771495877502944438e+01 1.537132078944534845e-02
5.795053003533568869e+01 1.211605310395762192e-02
5.818610129564192590e+01 9.445467350331334180e-03
5.842167255594817021e+01 1.018935278801255152e-02
5.865724381625441453e+01 1.666301844874599689e-02
5.889281507656065884e+01 2.956052923966761420e-02
5.912838633686690315e+01 4.737150287381911712e-02
5.936395759717314746e+01 6.666550632007045563e-02
5.959952885747937756e+01 8.314663879301827099e-02
5.983510011778562188e+01 9.301282339592434334e-02
6.007067137809186619e+01 9.410249501095750702e-02
6.030624263839811050e+01 8.652459828014789911e-02
6.054181389870435481e+01 7.269491985794841737e-02
6.077738515901059912e+01 5.678557707220824313e-02
6.101295641931684344e+01 4.361808769776688577e-02
6.124852767962308064e+01 3.717790235646334374e-02
6.148409893992932496e+01 3.921343545009924741e-02
6.171967020023556927e+01 4.854838627589455613e-02
6.195524146054181358e+01 6.150669705355830963e-02
6.219081272084805789e+01 7.329529701166861977e-02
6.242638398115430221e+01 7.972285083439599462e-02
6.266195524146053231e+01 7.857669036712322530e-02
6.289752650176677662e+01 7.025505685142366397e-02
6.313309776207302093e+01 5.755511169104182700e-02
6.336866902237926524e+01 4.470002005195007622e-02
6.360424028268550956e+01 3.585399250596765786e-02
6.383981154299175387e+01 3.360626595099937969e-02
6.407538280329799818e+01 3.805855046624920940e-02
6.431095406360422828e+01 4.695939461232141732e-02
6.454652532391047259e+01 5.679146811300852388e-02
6.478209658421671691e+01 6.420840846523993839e-02
6.501766784452296122e+01 6.712604194426212423e-02
6.525323910482920553e+01 6.509843883932779629e-02
6.548881036513544984e+01 5.902914538711884901e-02
6.572438162544167994e+01 5.051747462200289335e-02
6.595995288574792426e+01 4.118639749843626408e-02
6.619552414605416857e+01 3.226293518016321721e-02
6.643109540636041288e+01 2.450638483691576844e-02
6.666666666666665719e+01 1.835056124330096058e-02
6.690223792697290150e+01 1.400822212291741482e-02
6.713780918727914582e+01 1.142317451244994828e-02
6.737338044758539013e+01 1.022926746550751123e-02
6.760895170789163444e+01 9.979531062949674805e-03
6.784452296819787875e+01 1.070149607689357095e-02
6.808009422850412307e+01 1.348732199444231672e-02
6.831566548881036738e+01 2.062404968186163506e-02
6.855123674911661169e+01 3.489763294874534405e-02
6.878680800942285600e+01 5.817503908987060879e-02
6.902237926972908610e+01 8.994075015212296687e-02
6.925795053003533042e+01 1.266796792277288253e-01
6.949352179034157473e+01 1.625659600479047728e-01
6.972909305064781904e+01 1.911241347587977202e-01
6.996466431095406335e+01 2.070668574463388201e-01
7.020023557126030767e+01 2.076835146651439812e-01
7.043580683156653777e+01 1.935991013032172803e-01
7.067137809187278208e+01 1.688797431170451779e-01
7.090694935217902639e+01 1.402751946191047316e-01
7.114252061248527070e+01 1.153682570260866069e-01
7.137809187279151502e+01 9.998345843059296134e-02
7.161366313309775933e+01 9.604715574525117538e-02
7.184923439340400364e+01 1.012047737821013538e-01
7.208480565371023374e+01 1.104475824490963598e-01
7.232037691401647805e+01 1.186570547330956932e-01
7.255594817432272237e+01 1.225921389375142778e-01
7.279151943462896668e+01 1.215740564636911270e-01
7.302709069493521099e+01 1.170423171738160101e-01
7.326266195524145530e+01 1.115240916710850821e-01
7.349823321554768540e+01 1.074659640495613938e-01
7.373380447585392972e+01 1.062657425633892205e-01
7.396937573616017403e+01 1.078413925815003005e-01
7.420494699646641834e+01 1.109449186256898229e-01
7.444051825677266265e+01 1.140309904987609618e-01
7.467608951707890697e+01 1.161107207960652837e-01
7.491166077738515128e+01 1.170600763490850377e-01
7.514723203769139559e+01 1.172849447730226896e-01
7.538280329799763990e+01 1.170648246513816271e-01
7.561837455830388421e+01 1.160259351524034477e-01
7.585394581861012853e+01 1.130848718975790423e-01
7.608951707891637284e+01 1.069730565301873215e-01
7.632508833922261715e+01 9.711262690131407249e-02
7.656065959952884725e+01 8.427489350376138333e-02
7.679623085983509156e+01 7.046290363844169569e-02
7.703180212014133588e+01 5.802074853125662596e-02
7.726737338044758019e+01 4.865894841525027908e-02
7.750294464075382450e+01 4.318343630311893139e-02
7.773851590106006881e+01 4.210299078375916160e-02
7.797408716136631313e+01 4.655900368003143552e-02
7.820965842167254323e+01 5.874194305584152370e-02
7.844522968197878754e+01 8.123330658720234743e-02
7.868080094228503185e+01 1.153907863918080673e-01
7.891637220259127616e+01 1.596895507262759972e-01
7.915194346289752048e+01 2.092637221405719283e-01
7.938751472320376479e+01 2.572231504310373285e-01
7.962308598351000910e+01 2.970018994858872885e-01
7.985865724381623920e+01 3.242509127284535775e-01
8.009422850412248351e+01 3.373597102703784212e-01
8.032979976442872783e+01 3.368897412450141959e-01
8.056537102473497214e+01 3.248120680514106073e-01
8.080094228504121645e+01 3.040732237431428842e-01
8.103651354534746076e+01 2.782870381740729648e-01
8.127208480565370508e+01 2.511129006988332413e-01
8.150765606595994939e+01 2.253772479468107992e-01
8.174322732626619370e+01 2.025777501770684441e-01
8.197879858657243801e+01 1.832334729146028462e-01
8.221436984687868232e+01 1.677370604067217330e-01
8.244994110718492664e+01 1.569412442457750190e-01
8.268551236749117095e+01 1.521162500659285211e-01
8.292108362779740105e+01 1.544921567389077877e-01
8.315665488810364536e+01 1.647130885545070034e-01
8.339222614840988967e+01 1.823447034323885940e-01
8.362779740871613399e+01 2.055495353429593330e-01
8.386336866902237830e+01 2.312056146279092006e-01
8.409893992932862261e+01 2.556974531249213700e-01
8.433451118963485271e+01 2.761349165473913625e-01
8.457008244994109702e+01 2.912445083187838457e-01
8.480565371024734134e+01 3.012847906350119009e-01
8.504122497055358565e+01 3.070731909320528197e-01
8.527679623085982996e+01 3.088647859151542052e-01
8.551236749116607427e+01 3.058631638347654169e-01
8.574793875147231859e+01 2.967108156286804022e-01
8.598351001177854869e+01 2.807485536380067148e-01
8.621908127208479300e+01 2.592975455329917245e-01
8.645465253239103731e+01 2.359346609015557650e-01
8.669022379269728162e+01 2.151897853141045147e-01
8.692579505300352594e+01 2.003259832268635410e-01
8.716136631330977025e+01 1.918261137540392958e-01
8.739693757361600035e+01 1.877728280171387099e-01
8.763250883392224466e+01 1.858429251557674466e-01
8.786808009422848897e+01 1.855788080148421115e-01
8.810365135453473329e+01 1.896094665960484371e-01
8.833922261484097760e+01 2.030529121657279612e-01
8.857479387514722191e+01 2.310160251588428137e-01
8.881036513545346622e+01 2.751177382831370144e-01
8.904593639575971054e+01 3.311116417274752033e-01
8.928150765606595485e+01 3.896904863459568213e-01
8.951707891637219916e+01 4.404936135941570630e-01
8.975265017667844347e+01 4.766857551506823443e-01
8.998822143698468778e+01 4.970355571219530755e-01
9.022379269729093210e+01 5.046542214362298440e-01
9.045936395759717641e+01 5.039931312744201364e-01
9.069493521790340651e+01 4.982265888186154790e-01
9.093050647820965082e+01 4.881495561544041406e-01
9.116607773851589513e+01 4.726528349371834081e-01
9.140164899882213945e+01 4.502956400657766034e-01
9.163722025912838376e+01 4.211668764077176608e-01
9.187279151943462807e+01 3.879630465161795772e-01
9.210836277974085817e+01 3.554868898390264875e-01
9.234393404004710249e+01 3.288363545882557193e-01
9.257950530035334680e+01 3.115728474290185290e-01
9.281507656065959111e+01 3.050546455610899099e-01
9.305064782096583542e+01 3.090511100516197263e-01
9.328621908127207973e+01 3.228317136359979411e-01
9.352179034157832405e+01 3.458098576493013332e-01
9.375736160188455415e+01 3.773292791555365455e-01
9.399293286219079846e+01 4.158754454782229160e-01
9.422850412249704277e+01 4.584748370104356208e-01
9.446407538280328708e+01 5.009209053580183646e-01
9.469964664310953140e+01 5.387316484199206057e-01
9.493521790341577571e+01 5.680892054832927807e-01
9.517078916372202002e+01 5.861543286175642242e-01
9.540636042402826433e+01 5.909012232086785499e-01
9.564193168433450865e+01 5.811529153151983040e-01
9.587750294464075296e+01 5.572893713171277463e-01
9.611307420494699727e+01 5.223038437088151076e-01
9.634864546525324158e+01 4.821239674883672222e-01
9.658421672555948589e+01 4.442187466490298275e-01
9.681978798586571600e+01 4.147943474339657044e-01
9.705535924617196031e+01 3.963257186700641088e-01
9.729093050647820462e+01 3.871683040250002428e-01
9.752650176678444893e+01 3.834244634726561851e-01
9.776207302709069324e+01 3.817667580566647123e-01
9.799764428739693756e+01 3.817293285615838694e-01
9.823321554770316766e+01 3.865571764878493743e-01
9.846878680800941197e+01 4.021529371933906805e-01
9.870435806831565628e+01 4.340924035071584974e-01
9.893992932862190059e+01 4.837360210132242710e-01
9.917550058892814491e+01 5.457995528090886506e-01
9.941107184923438922e+01 6.096378389459435887e-01
9.964664310954063353e+01 6.639768072568752455e-01
9.988221436984686363e+01 7.018887929229796763e-01
1.001177856301531222e+02 7.226725969656899728e-01
1.003533568904593665e+02 7.300542240204865863e-01
1.005889281507655824e+02 7.287561063661327498e-01
1.008244994110718267e+02 7.218426509988263851e-01
1.010600706713780710e+02 7.100237316883251104e-01
1.012956419316843153e+02 6.927893921852694703e-01
1.015312131919905596e+02 6.703726518016591696e-01
1.017667844522968039e+02 6.450948306922874576e-01
1.020023557126030482e+02 6.210027577491429307e-01
1.022379269729092925e+02 6.020090187370406021e-01
1.024734982332155369e+02 5.900017323271662395e-01
1.027090694935217812e+02 5.843335880115482217e-01
1.029446407538280255e+02 5.828826559785343919e-01
1.031802120141342698e+02 5.838158270868543109e-01
1.034157832744405141e+02 5.869971136085041508e-01
1.036513545347467442e+02 5.943123278926861763e-01
1.038869257950529885e+02 6.086346906361599363e-01
1.041224970553592328e+02 6.318204719273480263e-01
1.043580683156654771e+02 6.629017270401256212e-01
1.045936395759717215e+02 6.977748606116201957e-01
1.048292108362779658e+02 7.306573930881384848e-01
1.050647820965842101e+02 7.562323576355679533e-01
1.053003533568904544e+02 7.711099277703583610e-01
1.055359246171966987e+02 7.741252530555765565e-01
1.057714958775029430e+02 7.659158797208359681e-01
1.060070671378091873e+02 7.483342976543747582e-01
1.062426383981154316e+02 7.238578413900850217e-01
1.064782096584216760e+02 6.949805389847132364e-01
1.067137809187278918e+02 6.638020273419408257e-01
1.069493521790341362e+02 6.321265682534140673e-01
1.071849234393403805e+02 6.019359518643799811e-01
1.074204946996466248e+02 5.756428342464303682e-01
1.076560659599528691e+02 5.558347437157870052e-01
1.078916372202591134e+02 5.449247676267935381e-01
1.081272084805653577e+02 5.451794155844117418e-01
1.083627797408716020e+02 5.588950530420219165e-01
1.085983510011778463e+02 5.879766574124457579e-01
1.088339222614840907e+02 6.325618939575564648e-01
1.090694935217903350e+02 6.894167904729827656e-01
1.093050647820965793e+02 7.516024402558407758e-01
1.095406360424028236e+02 8.103325886642660514e-01
1.097762073027090679e+02 8.581741605665861305e-01
1.100117785630152980e+02 8.914578020515069312e-01
1.102473498233215423e+02 9.104175800329982193e-01
1.104829210836277866e+02 9.174397782782939270e-01
1.107184923439340309e+02 9.150339649534731112e-01
1.109540636042402753e+02 9.049006645702821761e-01
1.111896348645465196e+02 8.883865929054604038e-01
1.114252061248527639e+02 8.675820272608354422e-01
1.116607773851590082e+02 8.458671143426289563e-01
1.118963486454652525e+02 8.271619129912103352e-01
1.121319199057714968e+02 8.142919883228042499e-01
1.123674911660777411e+02 8.077582402579757126e-01
1.126030624263839854e+02 8.058725887011363165e-01
1.128386336866902298e+02 8.060541193367048995e-01
1.130742049469964456e+02 8.063067572925041171e-01
1.133097762073026900e+02 8.060557244470391014e-01
1.135453474676089343e+02 8.060883322498376691e-01
1.137809187279151786e+02 8.077586488815530208e-01
1.140164899882214229e+02 8.118647443675690578e-01
1.142520612485276672e+02 8.178230219726242423e-01
1.144876325088339115e+02 8.237392683084412415e-01
1.147232037691401558e+02 8.274447386093116696e-01
1.149587750294464001e+02 8.278278576052890969e-01
1.151943462897526445e+02 8.255643334911481057e-01
1.154299175500588888e+02 8.228421466483718527e-01
1.156654888103651331e+02 8.223078302956025043e-01
1.159010600706713774e+02 8.256849654871941668e-01
1.161366313309776075e+02 8.324803552961620445e-01
1.163722025912838518e+02 8.393156336188218880e-01
1.166077738515900961e+02 8.406059856101126826e-01
1.168433451118963404e+02 8.309020097315549247e-01
1.170789163722025847e+02 8.079825996270515454e-01
1.173144876325088291e+02 7.747555820489853140e-01
1.175500588928150734e+02 7.385712514869161582e-01
1.177856301531213177e+02 7.084487732215222211e-01
1.180212014134275620e+02 6.920603482905465231e-01
1.182567726737338063e+02 6.939029694595990616e-01
1.184923439340400506e+02 7.147632725905785911e-01
1.187279151943462949e+02 7.518679248375736979e-01
1.189634864546525392e+02 7.994186519591310880e-01
1.191990577149587551e+02 8.497612498742462828e-01
1.194346289752649994e+02 8.953541383438227141e-01
1.196702002355712438e+02 9.309544143580066322e-01
1.199057714958774881e+02 9.548832168099691264e-01
1.201413427561837324e+02 9.686346031974344406e-01
1.203769140164899767e+02 9.752024288785008377e-01
1.206124852767962210e+02 9.772653339018148033e-01
1.208480565371024653e+02 9.762228144015643316e-01
1.210836277974087096e+02 9.723288393914978345e-01
1.213191990577149539e+02 9.654739737542998856e-01
1.215547703180211982e+02 9.559018282250548726e-01
1.217903415783274426e+02 9.443781181407897574e-01
1.220259128386336869e+02 9.318757237372304880e-01
1.222614840989399170e+02 9.192551302744743635e-01
1.224970553592461613e+02 9.073176680306086483e-01
1.227326266195524056e+02 8.971279407758009361e-01
1.229681978798586499e+02 8.901809026189446694e-01
1.232037691401648942e+02 8.881048236017579089e-01
1.234393404004711385e+02 8.919298125341349470e-01
1.236749116607773828e+02 9.012281840070576200e-01
1.239104829210836272e+02 9.135908461338546616e-01
1.241460541813898715e+02 9.249178600529232019e-01
1.243816254416961158e+02 9.307222293127875856e-01
1.246171967020023601e+02 9.280292478513794130e-01
1.248527679623086044e+02 9.168960901795327745e-01
1.250883392226148487e+02 9.006461018131176610e-01
1.253239104829210646e+02 8.846663155427930691e-01
1.255594817432273089e+02 8.744129044889792368e-01
1.257950530035335532e+02 8.734938957399598358e-01
1.260306242638397975e+02 8.824061553192992235e-01
1.262661955241460419e+02 8.981897399385087022e-01
1.265017667844522862e+02 9.151550239914132412e-01
1.267373380447585305e+02 9.266957658202964465e-01
1.269729093050647748e+02 9.277345955788051102e-01
1.272084805653710191e+02 9.167881665199435481e-01
1.274440518256772634e+02 8.966072908327776814e-01
1.276796230859835077e+02 8.730993735896310781e-01
1.279151943462897520e+02 8.532062963297371017e-01
1.281507656065959964e+02 8.427807688195669833e-01
1.283863368669022123e+02 8.451345140943334888e-01
1.286219081272084566e+02 8.603832948266556535e-01
1.288574793875147009e+02 8.855055326101871627e-01
1.290930506478209452e+02 9.151262072491258559e-01
1.293286219081271895e+02 9.430363888005109940e-01
1.295641931684334338e+02 9.641251695252381904e-01
1.297997644287396781e+02 9.759773164140759238e-01
1.300353356890459224e+02 9.793689057248163854e-01
1.302709069493521667e+02 9.774485540437499731e-01
1.305064782096584111e+02 9.741232590742843200e-01
1.307420494699646554e+02 9.724913981478308100e-01
1.309776207302708997e+02 9.739271977707729677e-01
1.312131919905771440e+02 9.779412010945822686e-01
1.314487632508833599e+02 9.826160858385022401e-01
1.316843345111896042e+02 9.853670176451999607e-01
1.319199057714958485e+02 9.838515924327464468e-01
1.321554770318020928e+02 9.768607961105517656e-01
1.323910482921083371e+02 9.649312678247544683e-01
1.326266195524145814e+02 9.503926319314178750e-01
1.328621908127208258e+02 9.367448637463265948e-01
1.330977620730270701e+02 9.275669706332941855e-01
1.333333333333333144e+02 9.253608637680413862e-01
1.335689045936395587e+02 9.307213488672363422e-01
1.338044758539458030e+02 9.420823024793466560e-01
1.340400471142520473e+02 9.561395410788251503e-01
1.342756183745582916e+02 9.688826091231221849e-01
1.345111896348645359e+02 9.769421266412008364e-01
1.347467608951707803e+02 9.787442551986716976e-01
1.349823321554770246e+02 9.749643791927663505e-01
1.352179034157832689e+02 9.680799281352944208e-01
1.354534746760895132e+02 9.612715914941053486e-01
1.356890459363957575e+02 9.572002715672660589e-01
1.359246171967020018e+02 9.571466872683264127e-01
1.361601884570082461e+02 9.607506932269960220e-01
1.363957597173144904e+02 9.663281057606998292e-01
1.366313309776207348e+02 9.715779120611758302e-01
1.368669022379269791e+02 9.744116330676253490e-01
1.371024734982332234e+02 9.736234125341615142e-01
1.373380447585394677e+02 9.691991379739727241e-01
1.375736160188457120e+02 9.622263022405787014e-01
1.378091872791519279e+02 9.545240795805343126e-01
1.380447585394581722e+02 9.481634517338271007e-01
1.382803297997644165e+02 9.449880144956571693e-01
1.385159010600706608e+02 9.461756941631443985e-01
1.387514723203769051e+02 9.518865674711732838e-01
1.389870435806831495e+02 9.611074759581530458e-01
1.392226148409893938e+02 9.718333648581287676e-01
1.394581861012956381e+02 9.816334058755192826e-01
1.396937573616018824e+02 9.884524217824511849e-01
1.399293286219081267e+02 9.913228802637733539e-01
1.401648998822143710e+02 9.906576248535150508e-01
1.404004711425206153e+02 9.879900394449590006e-01
1.406360424028268596e+02 9.852993974433525981e-01
1.408716136631330755e+02 9.842298170704235627e-01
1.411071849234393198e+02 9.855072371887315663e-01
1.413427561837455642e+02 9.887359666599436769e-01
1.415783274440518085e+02 9.926096058877142969e-01
1.418138987043580528e+02 9.954465213220253794e-01
1.420494699646642971e+02 9.958592178561820329e-01
1.422850412249705414e+02 9.933065753569552125e-01
1.425206124852767857e+02 9.883066983045095677e-01
1.427561837455830300e+02 9.822285073756218399e-01
1.429917550058892743e+02 9.767712350266326560e-01
1.432273262661955187e+02 9.733699044591975769e-01
1.434628975265017630e+02 9.727628638886505197e-01
1.436984687868080073e+02 9.748508910223210311e-01
1.439340400471142232e+02 9.788460250102382076e-01
1.441696113074204675e+02 9.836130835008709550e-01
1.444051825677267118e+02 9.880637186377773107e-01
1.446407538280329561e+02 9.914657815362810656e-01
1.448763250883392004e+02 9.935749553054514793e-01
1.451118963486454447e+02 9.945714782341084081e-01
1.453474676089516890e+02 9.948632123031888597e-01
1.455830388692579334e+02 9.948619279804058468e-01
1.458186101295641777e+02 9.948278916941578620e-01
1.460541813898704220e+02 9.948250126337075949e-01
1.462897526501766663e+02 9.947688592261807461e-01
1.465253239104829106e+02 9.945145075337229468e-01
1.467608951707891549e+02 9.939317255225103009e-01
1.469964664310953708e+02 9.929426270004244603e-01
1.472320376914016151e+02 9.915309620287061643e-01
1.474676089517078594e+02 9.897499911009866036e-01
1.477031802120141037e+02 9.877455223716916644e-01
1.479387514723203481e+02 9.857811407343488597e-01
1.481743227326265924e+02 9.842296239553101067e-01
1.484098939929328367e+02 9.835006641786613324e-01
1.486454652532390810e+02 9.839107827026075670e-01
1.488810365135453253e+02 9.855442358219138610e-01
1.491166077738515696e+02 9.881748014528934920e-01
1.493521790341578139e+02 9.913008747325822156e-01
1.495877502944640582e+02 9.942960829751645857e-01
1.498233215547703026e+02 9.966186694525772660e-01
1.500588928150765469e+02 9.979894816614216513e-01
1.502944640753827912e+02 9.984604135780170697e-01
1.505300353356890355e+02 9.983476651811739044e-01
1.507656065959952798e+02 9.980679606310894902e-01
1.510011778563015241e+02 9.979566543471937168e-01
1.512367491166077684e+02 9.981466893097432624e-01
1.514723203769140127e+02 9.985520985448553821e-01
1.517078916372202571e+02 9.989492565738673502e-01
1.519434628975265014e+02 9.991068682318449135e-01
1.521790341578327457e+02 9.988995596272103317e-01
1.524146054181389900e+02 9.983557567716356829e-01
1.526501766784452343e+02 9.976285861684119904e-01
1.528857479387514786e+02 9.969171957906566295e-01
1.531213191990576945e+02 9.963843444389004489e-01
1.533568904593639388e+02 9.961076342778280024e-01
1.535924617196701831e+02 9.960765102417475925e-01
1.538280329799764274e+02 9.962226116035985957e-01
1.540636042402826718e+02 9.964597057589238416e-01
1.542991755005889161e+02 9.967131043181683969e-01
1.545347467608951604e+02 9.969308449315329446e-01
1.547703180212014047e+02 9.970812910734142553e-01
1.550058892815076490e+02 9.971477197407387916e-01
1.552414605418138933e+02 9.971281651337251528e-01
1.554770318021201376e+02 9.970409700595700420e-01
1.557126030624263819e+02 9.969290753540334116e-01
1.559481743227326263e+02 9.968537585897494502e-01
1.561837455830388421e+02 9.968734280036383177e-01
1.564193168433450865e+02 9.970127111723993130e-01
1.566548881036513308e+02 9.972361821251993774e-01
1.568904593639575751e+02 9.974438335302301395e-01
1.571260306242638194e+02 9.974984362016222628e-01
1.573616018845700637e+02 9.972798358988361755e-01
1.575971731448763080e+02 9.967451592673955973e-01
1.578327444051825523e+02 9.959663894080094115e-01
1.580683156654887966e+02 9.951238153244983398e-01
1.583038869257950410e+02 9.944531838308682259e-01
1.585394581861012853e+02 9.941661387263129868e-01
1.587750294464075296e+02 9.943763366751793287e-01
1.590106007067137739e+02 9.950613139984771927e-01
1.592461719670200182e+02 9.960745244692678080e-01
1.594817432273262341e+02 9.972006955990609933e-01
1.597173144876324784e+02 9.982302248912235942e-01
1.599528857479387227e+02 9.990220559601673544e-01
1.601884570082449670e+02 9.995318581947685299e-01
1.604240282685512113e+02 9.997995167524470483e-01
1.606595995288574557e+02 9.999084776144822051e-01
1.608951707891637000e+02 9.999401533098374317e-01
1.611307420494699443e+02 9.999444285194991622e-01
1.613663133097761886e+02 9.999349024396179120e-01
1.616018845700824329e+02 9.999030369617792902e-01
1.618374558303886772e+02 9.998373067683425930e-01
1.620730270906949215e+02 9.997352279055609081e-01
1.623085983510011658e+02 9.996045572340558349e-01
1.625441696113074102e+02 9.994581222146226018e-01
1.627797408716136545e+02 9.993093100332733902e-01
1.630153121319198988e+02 9.991718238202849101e-01
1.632508833922261431e+02 9.990618218723823496e-01
1.634864546525323874e+02 9.989976337140439311e-01
1.637220259128386317e+02 9.989938696152704800e-01
1.639575971731448760e+02 9.990513781192171816e-01
1.641931684334511203e+02 9.991487352055907767e-01
1.644287396937573646e+02 9.992418529585287423e-01
1.646643109540636090e+02 9.992750864782493636e-01
1.648998822143698533e+02 9.992014395786273928e-01
1.651354534746760976e+02 9.990041121370496491e-01
1.653710247349823419e+02 9.987095247976504053e-01
1.656065959952885578e+02 9.983845854821604693e-01
1.658421672555948021e+02 9.981171826170428529e-01
1.660777385159010464e+02 9.979861119995725449e-01
1.663133097762072907e+02 9.980316620724314358e-01
1.665488810365135350e+02 9.982385404210590840e-01
1.667844522968197793e+02 9.985384552643264966e-01
1.670200235571260237e+02 9.988321339826886636e-01
1.672555948174322680e+02 9.990229264942533938e-01
1.674911660777385123e+02 9.990495861469657068e-01
1.677267373380447566e+02 9.989063000131004344e-01
1.679623085983510009e+02 9.986432672058833671e-01
1.681978798586572452e+02 9.983486501289292603e-01
1.684334511189634895e+02 9.981192481036151865e-01
1.686690223792697054e+02 9.980303525330381786e-01
1.689045936395759497e+02 9.981144222282509748e-01
1.691401648998821940e+02 9.983545310239503312e-01
1.693757361601884384e+02 9.986935513254220353e-01
1.696113074204946827e+02 9.990550892628896618e-01
1.698468786808009270e+02 9.993684831907075905e-01
1.700824499411071713e+02 9.995889979817130788e-01
1.703180212014134156e+02 9.997065490935520549e-01
1.705535924617196599e+02 9.997412897178260538e-01
1.707891637220259042e+02 9.997298688257515442e-01
1.710247349823321485e+02 9.997092848551628608e-01
1.712603062426383929e+02 9.997046544270160595e-01
1.714958775029446372e+02 9.997239405058830908e-01
1.717314487632508531e+02 9.997592070605920700e-01
1.719670200235570974e+02 9.997921577853237096e-01
1.722025912838633417e+02 9.998016648980642129e-01
1.724381625441695860e+02 9.997715344227973144e-01
1.726737338044758303e+02 9.996968984329261954e-01
1.729093050647820746e+02 9.995874423090282956e-01
1.731448763250883189e+02 9.994659608922991101e-01
1.733804475853945632e+02 9.993620300642108711e-01
1.736160188457008076e+02 9.993025370599983859e-01
1.738515901060070519e+02 9.993024131576816460e-01
1.740871613663132962e+02 9.993591843866584945e-01
1.743227326266195405e+02 9.994536153881015128e-01
1.745583038869257848e+02 9.995563280038457510e-01
1.747938751472320007e+02 9.996378920950464986e-01
1.750294464075382450e+02 9.996785489131931879e-01
1.752650176678444893e+02 9.996739840478403583e-01
1.755005889281507336e+02 9.996352389887124268e-01
1.757361601884569779e+02 9.995831934195904545e-01
1.759717314487632223e+02 9.995400880651027498e-01
1.762073027090694666e+02 9.995214390806621552e-01
1.764428739693757109e+02 9.995312364343443834e-01
1.766784452296819552e+02 9.995617800988702006e-01
1.769140164899881995e+02 9.995976322594086749e-01
1.771495877502944438e+02 9.996217392556313586e-01
1.773851590106006881e+02 9.996213158959809109e-01
1.776207302709069324e+02 9.995916193855854948e-01
1.778563015312131768e+02 9.995368606214609652e-01
1.780918727915194211e+02 9.994685930236705262e-01
1.783274440518256654e+02 9.994025171208211766e-01
1.785630153121319097e+02 9.993546713306615814e-01
1.787985865724381540e+02 9.993377402281566901e-01
1.790341578327443983e+02 9.993580657569627324e-01
1.792697290930506426e+02 9.994139930400286476e-01
1.795053003533568869e+02 9.994961715722833206e-01
1.797408716136631313e+02 9.995900373579418297e-01
1.799764428739693756e+02 9.996799034251554472e-01
1.802120141342756199e+02 9.997532979595520342e-01
1.804475853945818642e+02 9.998039596098182713e-01
1.806831566548881085e+02 9.998324533931300939e-01
1.809187279151943528e+02 9.998444133222623709e-01
1.811542991755005687e+02 9.998473688919670144e-01
1.813898704358068130e+02 9.998475268208069089e-01
1.816254416961130573e+02 9.998476832599011432e-01
1.818610129564193016e+02 9.998468541387526276e-01
1.820965842167255460e+02 9.998415247628037461e-01
1.823321554770317903e+02 9.998278602553551941e-01
1.825677267373380346e+02 9.998039307644291940e-01
1.828032979976442789e+02 9.997710654232156990e-01
1.830388692579505232e+02 9.997338360195414664e-01
1.832744405182567675e+02 9.996987383102631242e-01
1.835100117785630118e+02 9.996721512394777243e-01
1.837455830388692561e+02 9.996583976092070500e-01
1.839811542991755005e+02 9.996586181204850652e-01
1.842167255594817163e+02 9.996707834593892006e-01
1.844522968197879607e+02 9.996906989166810531e-01
1.846878680800942050e+02 9.997135066597858666e-01
1.849234393404004493e+02 9.997350856536462160e-01
1.851590106007066936e+02 9.997528934429669167e-01
1.853945818610129379e+02 9.997660885162982236e-01
1.856301531213191822e+02 9.997750715498360252e-01
1.858657243816254265e+02 9.997807641634631759e-01
1.861012956419316708e+02 9.997839682029440178e-01
1.863368669022379152e+02 9.997850206626601732e-01
1.865724381625441595e+02 9.997837813334471413e-01
1.868080094228504038e+02 9.997798452328611196e-01
1.870435806831566481e+02 9.997728178231982676e-01
1.872791519434628640e+02 9.997625308571429503e-01
1.875147232037691083e+02 9.997491645839579055e-01
1.877502944640753526e+02 9.997333137480669540e-01
1.879858657243815969e+02 9.997160449277388006e-01
1.882214369846878412e+02 9.996989416255257499e-01
1.884570082449940855e+02 9.996840663502337687e-01
1.886925795053003299e+02 9.996737471339781633e-01
1.889281507656065742e+02 9.996701543498806020e-01
1.891637220259128185e+02 9.996747508988674813e-01
1.893992932862190628e+02 9.996878048185039445e-01
1.896348645465253071e+02 9.997081738796111949e-01
1.898704358068315514e+02 9.997334803620233634e-01
1.901060070671377957e+02 9.997606339033094924e-01
1.903415783274440400e+02 9.997865169864508239e-01
1.905771495877502844e+02 9.998085951497165391e-01
1.908127208480565287e+02 9.998252710998163373e-01
1.910482921083627730e+02 9.998359282222121225e-01
1.912838633686690173e+02 9.998407357638886550e-01
1.915194346289752616e+02 9.998403578719160523e-01
1.917550058892815059e+02 9.998357012829217627e-01
1.919905771495877502e+02 9.998277711602119311e-01
1.922261484098939945e+02 9.998176247841019659e-01
1.924617196702002389e+02 9.998063612983962845e-01
1.926972909305064832e+02 9.997950831857838061e-01
1.929328621908127275e+02 9.997848025971696195e-01
1.931684334511189718e+02 9.997763140096942447e-01
1.934040047114251877e+02 9.997700842220382800e-01
1.936395759717314320e+02 9.997662076351462312e-01
1.938751472320376763e+02 9.997644457187714329e-01
1.941107184923439206e+02 9.997643337938802999e-01
1.943462897526501649e+02 9.997653148157986669e-01
1.945818610129564092e+02 9.997668577479166263e-01
1.948174322732626536e+02 9.997685339832543816e-01
1.950530035335688979e+02 9.997700476775854828e-01
1.952885747938751422e+02 9.997712327791571374e-01
1.955241460541813865e+02 9.997720342494161860e-01
1.957597173144876308e+02 9.997724842971783543e-01
1.959952885747938751e+02 9.997726756259338599e-01
1.962308598351001194e+02 9.997727255508510602e-01
1.964664310954063353e+02 9.997727290998504879e-01
1.967020023557125796e+02 9.997727078566354120e-01
1.969375736160188239e+02 9.997725722680322891e-01
1.971731448763250683e+02 9.997721190122274004e-01
1.974087161366313126e+02 9.997710775695770602e-01
1.976442873969375569e+02 9.997692024671026578e-01
1.978798586572438012e+02 9.997663867057974274e-01
1.981154299175500455e+02 9.997627573397543932e-01
1.983510011778562898e+02 9.997587139375302412e-01
1.985865724381625341e+02 9.997548866476083651e-01
1.988221436984687784e+02 9.997520173743884575e-01
1.990577149587750228e+02 9.997507946008609148e-01
1.992932862190812671e+02 9.997516888936656132e-01
1.995288574793874830e+02 9.997548359905209514e-01
1.997644287396937273e+02 9.997599985152313407e-01
2.000000000000000000e+02 9.997666126374806783e-01
