0.1 0.33674841514307957
0.10080160320641283 0.3547228854310502
0.10160320641282565 0.3694449886955181
0.10240480961923848 0.3799301451034966
0.10320641282565131 0.385255898515572
0.10400801603206414 0.3849571365556528
0.10480961923847695 0.3793218519803851
0.10561122244488978 0.36926815259684914
0.10641282565130261 0.3559290590525618
0.10721442885771544 0.3403190599046446
0.10801603206412826 0.32321687469082166
0.10881763527054109 0.3051814830547754
0.10961923847695391 0.28660762129543993
0.11042084168336674 0.26777844853869587
0.11122244488977956 0.24890540250595283
0.11202404809619239 0.23015667756920669
0.11282565130260522 0.21167808212482933
0.11362725450901805 0.19360974565482142
0.11442885771543086 0.17610151405101448
0.11523046092184369 0.15932943500101218
0.11603206412825652 0.14351537176983445
0.11683366733466935 0.12895081884349907
0.11763527054108217 0.11602270498911856
0.118436873747495 0.10523001162373302
0.11923847695390782 0.09716271592728676
0.12004008016032064 0.09239997216819891
0.12084168336673347 0.09131684576817153
0.1216432865731463 0.09389879305484634
0.12244488977955913 0.09972648934043034
0.12324649298597196 0.10815092203988681
0.12404809619238477 0.11850396829253573
0.1248496993987976 0.1302202385967394
0.12565130260521043 0.1428668715840098
0.12645290581162325 0.15612716036333638
0.1272545090180361 0.16977238901611638
0.1280561122244489 0.18363634178584812
0.12885771543086172 0.1975959312482604
0.12965931863727456 0.21155739913672406
0.13046092184368738 0.22544666287882506
0.13126252505010022 0.23920250690892797
0.13206412825651304 0.2527716465659825
0.13286573146292585 0.2661049845612174
0.13366733466933867 0.27915459211437393
0.1344689378757515 0.2918710909353939
0.13527054108216433 0.3042012109424957
0.13607214428857717 0.3160853743760826
0.13687374749498998 0.3274552320723867
0.1376753507014028 0.33823117741358005
0.13847695390781564 0.3483200188126237
0.13927855711422846 0.35761323642873316
0.1400801603206413 0.36598660251985526
0.14088176352705412 0.3733023648224719
0.14168336673346693 0.37941548868848957
0.14248496993987977 0.3841852109709872
0.1432865731462926 0.3874918323882576
0.14408817635270543 0.38925610221638784
0.14488977955911825 0.3894557455364799
0.14569138276553106 0.3881328876898202
0.14649298597194388 0.38538899168889146
0.14729458917835672 0.38136917567549866
0.14809619238476954 0.3762417997917303
0.14889779559118238 0.37017956464747814
0.1496993987975952 0.363345835582372
0.150501002004008 0.3558869111529929
0.15130260521042085 0.34792909705100417
0.15210420841683367 0.33957889852615797
0.1529058116232465 0.3309248667735932
0.15370741482965933 0.32204009802258476
0.15450901803607214 0.31298480572404025
0.15531062124248496 0.3038086811753196
0.1561122244488978 0.29455293489572826
0.15691382765531062 0.28525200505556336
0.15771543086172346 0.2759349627838103
0.15851703406813628 0.2666266600066298
0.1593186372745491 0.25734866750260604
0.16012024048096193 0.2481200468674689
0.16092184368737475 0.23895799408357227
0.1617234468937876 0.22987838631150853
0.1625250501002004 0.22089625816676187
0.16332665330661322 0.2120262293537995
0.16412825651302604 0.20328290207666636
0.16492985971943888 0.19468124396845896
0.16573146292585172 0.18623697015569804
0.16653306613226454 0.17796693619971096
0.16733466933867736 0.16988955164769037
0.16813627254509017 0.16202522124494487
0.168937875751503 0.15439681674492664
0.16973947895791586 0.14703017563011853
0.17054108216432867 0.1399546124609538
0.1713426853707415 0.1332034121661078
0.1721442885771543 0.1268142504190455
0.17294589178356715 0.12082945299524153
0.17374749498997996 0.11529596464092756
0.1745490981963928 0.11026485462917991
0.17535070140280562 0.10579015594811264
0.17615230460921844 0.1019268449923467
0.17695390781563125 0.09872785491205302
0.1777555110220441 0.09624020844366113
0.17855711422845694 0.09450064795233339
0.17935871743486975 0.0935314536744352
0.18016032064128257 0.09333732683281899
0.18096192384769538 0.09390412065658793
0.18176352705410823 0.09519979159540687
0.18256513026052104 0.09717736029943859
0.18336673346693388 0.09977917646976373
0.1841683366733467 0.10294157769453915
0.18496993987975952 0.10659914722825128
0.18577154308617233 0.11068808130675067
0.18657314629258517 0.11514850497737418
0.18737474949899802 0.11992581564106805
0.18817635270541083 0.1249712558142517
0.18897795591182365 0.1302419445938586
0.18977955911823646 0.13570057082517195
0.1905811623246493 0.14131490352526113
0.19138276553106215 0.1470572270348193
0.19218436873747496 0.1529037687447589
0.19298597194388778 0.15883415823138783
0.1937875751503006 0.16483093709836155
0.19458917835671344 0.17087912656515042
0.19539078156312625 0.1769658526842757
0.1961923847695391 0.1830800252612147
0.1969939879759519 0.1892120648243347
0.19779559118236473 0.19535367148965954
0.19859719438877754 0.2014976297361063
0.19939879759519039 0.20763764361144282
0.20020040080160323 0.2137681975268066
0.20100200400801604 0.21988443845666486
0.20180360721442886 0.2259820759815524
0.20260521042084167 0.23205729716813472
0.20340681362725452 0.23810669376396812
0.20420841683366733 0.2441271995960037
0.20501002004008018 0.2501160364067031
0.205811623246493 0.256070666647581
0.2066132264529058 0.2619887519859578
0.20741482965931862 0.26786811647271136
0.20821643286573147 0.2737067134746661
0.2090180360721443 0.2795025956008855
0.20981963927855712 0.2852538869509958
0.21062124248496994 0.29095875709174535
0.21142284569138275 0.2966153962265503
0.2122244488977956 0.30222199106567776
0.21302605210420844 0.30777670093404114
0.21382765531062126 0.31327763366914096
0.21462925851703407 0.31872282086821774
0.2154308617234469 0.3241101920379902
0.21623246492985973 0.3294375471872477
0.21703406813627255 0.33470252738060585
0.2178356713426854 0.3399025827435075
0.2186372745490982 0.3450349373753372
0.21943887775551102 0.3500965505925573
0.22024048096192383 0.3550840738912882
0.22104208416833668 0.3599938029950676
0.22184368737474952 0.36482162434968496
0.22264529058116234 0.36956295545601675
0.22344689378757515 0.3742126785168481
0.22424849699398797 0.3787650670447991
0.2250501002004008 0.3832137053779763
0.22585170340681363 0.38755140153660655
0.22665330661322647 0.39177009460378276
0.22745490981963928 0.3958607589227068
0.2282565130260521 0.3998133089819584
0.22905811623246494 0.4036165110304624
0.22985971943887776 0.4072579103155887
0.23066132264529057 0.41072378640088936
0.23146292585170342 0.41399915315923497
0.23226452905811623 0.4170678243458444
0.23306613226452907 0.41991256929788623
0.2338677354709419 0.4225153848841467
0.2346693386773547 0.42485790736154067
0.23547094188376755 0.4269219789760295
0.23627254509018036 0.42869036704236685
0.23707414829659318 0.43014760750766207
0.23787575150300602 0.4312809133575428
0.23867735470941884 0.4320810573557926
0.23947895791583168 0.4325431184709187
0.2402805611222445 0.4326669820316666
0.2410821643286573 0.4324575105449766
0.24188376753507015 0.4319243517523964
0.24268537074148297 0.4310814103068517
0.24348697394789579 0.42994606233308924
0.24428857715430863 0.42853822384111717
0.24509018036072144 0.42687938878793996
0.2458917835671343 0.42499173434653786
0.2466933867735471 0.4228973594905917
0.24749498997995992 0.42061768910081904
0.24829659318637276 0.4181730473009357
0.24909819639278558 0.41558238427077593
0.2498997995991984 0.4128631304617268
0.25070140280561126 0.4100311490433796
0.251503006012024 0.4071007590227059
0.2523046092184369 0.404084805545111
0.2531062124248497 0.4009947587809693
0.2539078156312625 0.3978408275293492
0.2547094188376754 0.3946320777420913
0.25551102204408815 0.3913765494215024
0.256312625250501 0.38808136780165003
0.25711422845691384 0.3847528464962261
0.25791583166332666 0.38139658152350975
0.25871743486973947 0.37801753593406356
0.2595190380761523 0.3746201152802453
0.26032064128256516 0.3712082344696464
0.261122244488978 0.367785376702161
0.2619238476953908 0.3643546452540109
0.2627254509018036 0.3609188088750522
0.2635270541082164 0.3574803415324615
0.2643286573146293 0.35404145718116603
0.26513026052104205 0.35060414017896885
0.2659318637274549 0.3471701718996374
0.26673346693386774 0.3437411540341081
0.26753507014028055 0.34031852901031073
0.2683366733466934 0.33690359790842633
0.2691382765531062 0.33349753619898875
0.26993987975951905 0.33010140758888507
0.27074148296593187 0.326716176221393
0.2715430861723447 0.3233427174438868
0.27234468937875755 0.3199818273279221
0.2731462925851703 0.316634231101269
0.2739478957915832 0.3133005906300324
0.274749498997996 0.3099815110704222
0.2755511022044088 0.3066775467939648
0.2763527054108217 0.30338920667554276
0.27715430861723445 0.30011695882261846
0.2779559118236473 0.2968612348130872
0.27875751503006013 0.29362243350091327
0.27955911823647295 0.2904009244406944
0.28036072144288576 0.28719705097625126
0.2811623246492986 0.28401113303214026
0.28196392785571145 0.2808434696425895
0.28276553106212426 0.27769434124773135
0.2835671342685371 0.2745640117839342
0.2843687374749499 0.27145273059080044
0.2851703406813627 0.2683607341560392
0.2859719438877756 0.26528824771568693
0.28677354709418834 0.2622354867259737
0.2875751503006012 0.25920265822082056
0.288376753507014 0.25618996206756933
0.28917835671342684 0.25319759213209475
0.2899799599198397 0.25022573736303994
0.2907815631262525 0.24727458280423942
0.29158316633266534 0.24434431054294897
0.29238476953907816 0.24143510060113274
0.293186372745491 0.23854713177591577
0.29398797595190385 0.23568058243473686
0.2947895791583166 0.23283563127068865
0.2955911823647295 0.23001245802179188
0.2963927855711423 0.2272112441589407
0.2971943887775551 0.22443217354570405
0.297995991983968 0.22167543307322843
0.29879759519038074 0.2189412132733173
0.2995991983967936 0.21622970891187254
0.3004008016032064 0.21354111956525834
0.30120240480961924 0.21087565018130128
0.3020040080160321 0.20823351162673343
0.30280561122244487 0.20561492122231237
0.30360721442885774 0.20302010326726477
0.30440881763527056 0.20044928955325889
0.30521042084168337 0.1979027198693978
0.3060120240480962 0.1953806424980837
0.306813627254509 0.19288331470242495
0.3076152304609219 0.19041100320482904
0.30841683366733463 0.1879639846568844
0.3092184368737475 0.18554254609971974
0.3100200400801603 0.1831469854141858
0.31082164328657313 0.18077761175989202
0.311623246492986 0.17843474600151493
0.31242484969939877 0.17611872112112553
0.31322645290581164 0.1738298826139016
0.31402805611222445 0.171568588865663
0.31482965931863727 0.1693352115089107
0.31563126252505014 0.16713013575461505
0.3164328657314629 0.1649537606962101
0.31723446893787577 0.16280649958174218
0.3180360721442886 0.1606887800501127
0.3188376753507014 0.15860104432632816
0.31963927855711427 0.15654374937066257
0.32044088176352703 0.1545173669759316
0.3212424849699399 0.152522383806665
0.3220440881763527 0.15055930137350595
0.32284569138276553 0.1486286359356727
0.3236472945891784 0.14673091832378773
0.32444889779559116 0.14486669367525967
0.32525050100200403 0.14303652107364206
0.32605210420841685 0.14124097308344294
0.32685370741482966 0.13948063517136003
0.3276553106212425 0.1377561050049479
0.3284569138276553 0.1360679916198265
0.32925851703406817 0.13441691444623707
0.330060120240481 0.1328035021864832
0.3308617234468938 0.1312283915352415
0.3316633266533066 0.12969222573500286
0.3324649298597194 0.12819565296053648
0.3332665330661323 0.1267393245265862
0.33406813627254506 0.12532389291549959
0.33486973947895793 0.1239500096222613
0.33567134268537074 0.12261832281726805
0.33647294589178356 0.12132947482903653
0.33727454909819643 0.12008409945204852
0.3380761523046092 0.11888281908768973
0.33887775551102206 0.11772624172954142
0.3396793587174349 0.11661495780784047
0.3404809619238477 0.1155495369111648
0.34128256513026056 0.11453052440759402
0.3420841683366733 0.11355843799068972
0.3428857715430862 0.11263376417974837
0.343687374749499 0.11175695480688157
0.3444889779559118 0.11092842352653637
0.3452905811623247 0.11014854238583893
0.34609218436873745 0.1094176384960844
0.3468937875751503 0.10873599084726474
0.34769539078156314 0.1081038273077055
0.34849699398797596 0.10752132185134762
0.34929859719438877 0.10698859205326637
0.3501002004008016 0.10650569689243028
0.35090180360721446 0.10607263489727804
0.3517034068136272 0.1056893426657089
0.3525050100200401 0.10535569378636199
0.35330661322645296 0.10507149818192839
0.3541082164328657 0.10483650188949263
0.3549098196392786 0.10465038728551383
0.35571142284569135 0.10451277375668397
0.3565130260521042 0.10442321880983926
0.3573146292585171 0.10438121960829301
0.35811623246492985 0.10438621491403892
0.3589178356713427 0.10443758740990006
0.3597194388777555 0.10453466637007669
0.36052104208416835 0.10467673064248202
0.3613226452905811 0.10486301190291468
0.362124248496994 0.10509269813817093
0.36292585170340685 0.10536493731340212
0.3637274549098196 0.10567884117843085
0.3645290581162325 0.10603348916766622
0.36533066132264524 0.10642793234976622
0.3661322645290581 0.1068611973849053
0.366933867735471 0.10733229044995572
0.36773547094188375 0.1078402010956411
0.3685370741482966 0.10838390600264039
0.3693386773547094 0.10896237260805601
0.37014028056112225 0.10957456257764393
0.3709418837675351 0.11021943510322701
0.3717434869739479 0.11089595000879587
0.37254509018036075 0.11160307065330292
0.3733466933867735 0.11233976662103781
0.3741482965931864 0.11310501619481737
0.37494989979959925 0.1138978086097883
0.375751503006012 0.1147171460889659
0.3765531062124249 0.11556204566364091
0.37735470941883764 0.11643154078436731
0.3781563126252505 0.11732468272960386
0.3789579158316634 0.11824054182097501
0.37975951903807614 0.11917820845459164
0.380561122244489 0.12013679395952523
0.3813627254509018 0.12111543129429517
0.38216432865731464 0.12211327559300876
0.3829659318637274 0.12312950457294329
0.3837675350701403 0.12416331881494871
0.38456913827655315 0.12521394192825802
0.3853707414829659 0.12628062061068496
0.3861723446893788 0.1273626246149382
0.38697394789579154 0.12845924663126573
0.3877755511022044 0.12956980209594224
0.3885771543086173 0.13069362893484418
0.38937875751503004 0.1318300872504493
0.3901803607214429 0.1329785589601579
0.39098196392785567 0.13413844739320657
0.39178356713426854 0.13530917685281002
0.3925851703406814 0.13649019214964722
0.39338677354709417 0.137680958112071
0.39418837675350704 0.13888095907818945
0.3949899799599198 0.14008969837415128
0.39579158316633267 0.14130669778286403
0.39659318637274554 0.1425314970062166
0.3973947895791583 0.1437636531246123
0.3981963927855712 0.14500274005601899
0.39899799599198393 0.14624834801724448
0.3997995991983968 0.14750008298935885
0.4006012024048097 0.14875756618926833
0.40140280561122244 0.15002043354880454
0.4022044088176353 0.15128833520265494
0.40300601202404807 0.15256093498629886
0.40380761523046094 0.15383790994474889
0.4046092184368738 0.15511894985294944
0.40541082164328657 0.15640375674812326
0.40621242484969944 0.15769204447484542
0.4070140280561122 0.1589835382430076
0.40781563126252507 0.1602779741986376
0.40861723446893783 0.16157509900823758
0.4094188376753507 0.16287466945604118
0.41022044088176357 0.1641764520547306
0.41102204408817633 0.1654802226690904
0.4118236472945892 0.16678576615268578
0.41262525050100196 0.16809287599739556
0.41342685370741483 0.16940135399534714
0.4142284569138277 0.17071100991331362
0.41503006012024046 0.17202166117913523
0.41583166332665333 0.1733331325797929
0.4166332665330661 0.17464525597100805
0.41743486973947896 0.17595786999797455
0.41823647294589184 0.17727081982687035
0.4190380761523046 0.17858395688682907
0.41983967935871747 0.17989713862201914
0.4206412825651302 0.1812102282536326
0.4214428857715431 0.18252309455123514
0.42224448897795597 0.1838356116132973
0.4230460921843687 0.18514765865651203
0.4238476953907816 0.18645911981368077
0.42464929859719436 0.18776988393966113
0.42545090180360723 0.18907984442528109
0.4262525050100201 0.19038889901873612
0.42705410821643286 0.19169694965434025
0.42785571142284573 0.19300390228822895
0.4286573146292585 0.1943096667407173
0.42945891783567136 0.19561415654519443
0.4302605210420841 0.1969172888031192
0.431062124248497 0.1982189840450176
0.43186372745490986 0.1995191660971132
0.4326653306613226 0.20081776195337392
0.4334669338677355 0.20211470165292492
0.43426853707414825 0.20340991816231238
0.4350701402805611 0.20470334726266362
0.435871743486974 0.20599492744142248
0.43667334669338675 0.20728459978849084
0.4374749498997996 0.20857230789657993
0.4382765531062124 0.20985799776559969
0.43907815631262526 0.21114161771095497
0.4398797595190381 0.21242311827550986
0.4406813627254509 0.21370245214516717
0.44148296593186376 0.2149795740676904
0.4422845691382765 0.21625444077502257
0.4430861723446894 0.21752701090851584
0.44388777555110226 0.21879724494722214
0.444689378757515 0.2200651051390948
0.4454909819639279 0.22133055543481223
0.44629258517034065 0.22259356142434045
0.4470941883767535 0.22385409027592387
0.4478957915831664 0.22511211067753517
0.44869739478957915 0.22636759278061272
0.449498997995992 0.2276205081459468
0.4503006012024048 0.22887082969181835
0.45110220440881765 0.2301185316439719
0.4519038076152304 0.23136358948771527
0.4527054108216433 0.2326059799217856
0.45350701402805615 0.23384568081394883
0.4543086172344689 0.2350826711584475
0.4551102204408818 0.2363169310349323
0.45591182364729455 0.23754844156909335
0.4567134268537074 0.2387771848946573
0.4575150300601203 0.24000314411701298
0.45831663326653305 0.24122630327797281
0.4591182364729459 0.24244664732212146
0.4599198396793587 0.24366416206427097
0.46072144288577155 0.24487883415810527
0.4615230460921844 0.24609065106617137
0.4623246492985972 0.2472996010308217
0.46312625250501005 0.2485056730463468
0.4639278557114228 0.2497088568320317
0.4647294589178357 0.25090914280629406
0.46553106212424855 0.2521065220617654
0.4663326653306613 0.253300986341272
0.4671342685370742 0.2544925280146376
0.46793587174348694 0.2556811400564244
0.4687374749498998 0.2568668160244575
0.4695390781563127 0.25804955003903673
0.47034068136272544 0.2592293367630685
0.4711422845691383 0.26040617138272787
0.4719438877755511 0.26158004958895137
0.47274549098196395 0.2627509675595122
0.4735470941883767 0.26391892194179317
0.4743486973947896 0.26508390983609303
0.47515030060120245 0.2662459287796301
0.4759519038076152 0.26740497673097724
0.4767535070140281 0.2685610520551798
0.47755511022044084 0.26971415350932176
0.4783567134268537 0.2708642802285371
0.4791583166332666 0.2720114317127202
0.47995991983967934 0.2731556078133969
0.4807615230460922 0.2742968087213043
0.48156312625250497 0.2754350349543182
0.48236472945891784 0.27657028734569483
0.4831663326653307 0.2777025670329059
0.48396793587174347 0.27883187544667165
0.48476953907815634 0.279958214300514
0.4855711422845691 0.281081585580549
0.486372745490982 0.282201991535745
0.48717434869739484 0.2833194346683421
0.4879759519038076 0.2844339177248342
0.4887775551102205 0.2855454436870004
0.48957915831663323 0.2866540157633812
0.4903807615230461 0.2877596373811175
0.491182364729459 0.2888623121777851
0.49198396793587174 0.2899620439938225
0.4927855711422846 0.291058836864982
0.49358717434869737 0.29215269501515473
0.49438877755511024 0.2932436228493876
0.495190380761523 0.29433162494708515
0.49599198396793587 0.29541670605557546
0.49679358717434874 0.296498871083723
0.4975951903807615 0.2975781250958184
0.49839679358717437 0.2986544733057476
0.49919839679358713 0.29972792107119905
0.5 0.300798473888191
