0.1 1.9503221893224134
0.10020010005002501 2.068834300171672
0.10040020010005003 2.2111647200597817
0.10060030015007504 2.3848951413008765
0.10080040020010006 2.6011533274594822
0.10100050025012507 2.8769525118568
0.10120060030015009 3.2396639077793044
0.1014007003501751 3.736298423546399
0.1016008004002001 4.45494857521076
0.10180090045022512 5.582170687723749
0.10200100050025013 7.593838567910469
0.10220110055027515 12.170985863612847
0.10240120060030015 32.598092340584316
0.10260130065032516 44.20792978899091
0.10280140070035018 12.898999864143502
0.10300150075037519 7.474813335757395
0.10320160080040021 5.2332849759861295
0.10340170085042522 4.014833099253923
0.10360180090045024 3.2534810829581122
0.10380190095047524 2.7358232935039606
0.10400200100050025 2.363455336796803
0.10420210105052527 2.084684732777898
0.10440220110055028 1.8697366839207492
0.1046023011505753 1.7002371092895388
0.1048024012006003 1.5642219680233496
0.10500250125062532 1.4535582931144702
0.10520260130065033 1.3625189040106704
0.10540270135067534 1.286950636133523
0.10560280140070036 1.2237665093428545
0.10580290145072536 1.1706235913312553
0.10600300150075039 1.125711809076314
0.10620310155077539 1.087611444788862
0.10640320160080041 1.055194487594212
0.10660330165082542 1.0275547639326832
0.10680340170085043 1.0039574222811578
0.10700350175087545 0.9838017278530711
0.10720360180090045 0.9665932000352451
0.10740370185092547 0.9519224330225238
0.10760380190095048 0.9394487815293178
0.1078039019509755 0.9288876457183007
0.10800400200100051 0.9200004587097652
0.10820410205102551 0.9125867312159003
0.10840420210105053 0.9064776815791115
0.10860430215107554 0.9015311015901781
0.10880440220110056 0.8976271955942019
0.10900450225112557 0.8946651934950679
0.10920460230115059 0.8925605846181776
0.1094047023511756 0.8912428538957913
0.1096048024012006 0.8906536278570132
0.10980490245122562 0.89074515776468
0.11000500250125063 0.8914790825812653
0.11020510255127565 0.8928254264334224
0.11040520260130066 0.8947617947238967
0.11060530265132568 0.8972727406301231
0.11080540270135068 0.9003492798922109
0.11100550275137569 0.9039885368792443
0.11120560280140071 0.9081935092020671
0.11140570285142572 0.9129729418268722
0.11160580290145074 0.9183413049110367
0.11180590295147574 0.924318872578207
0.11200600300150075 0.9309319027040001
0.11220610305152577 0.9382129206193324
0.11240620310155078 0.9462011125769355
0.1126063031515758 0.9549428379975158
0.1128064032016008 0.9644922730600917
0.11300650325162581 0.9749122022971717
0.11320660330165083 0.9862749797088795
0.11340670335167584 0.9986636867845797
0.11360680340170086 1.0121735220559216
0.11380690345172587 1.0269134658483439
0.11400700350175089 1.04300827534239
0.1142071035517759 1.0606008797028348
0.1144072036018009 1.0798552639729477
0.11460730365182592 1.1009599551649678
0.11480740370185093 1.1241322565959073
0.11500750375187595 1.149623419958595
0.11520760380190095 1.17772500306124
0.11540770385192597 1.2087767406297543
0.11560780390195098 1.2431763648100356
0.11580790395197599 1.2813919639788949
0.11600800400200101 1.3239776825709955
0.11620810405202602 1.3715938703844561
0.11640820410205104 1.4250332329544282
0.11660830415207604 1.4852551871725317
0.11680840420210106 1.5534316043711944
0.11700850425212607 1.631008617354107
0.11720860430215108 1.7197914997689767
0.1174087043521761 1.8220633520119864
0.1176088044022011 1.940754438980036
0.11780890445222612 2.079689348137802
0.11800900450225113 2.243957164752414
0.11820910455227615 2.440482563168383
0.11840920460230116 2.678937678796318
0.11860930465232616 2.9732581653000874
0.11880940470235118 3.3442883773992724
0.11900950475237619 3.824675694474305
0.11920960480240121 4.468613272992546
0.11940970485242622 5.373142421362275
0.11960980490245124 6.730959306028807
0.11980990495247625 8.986863429135164
0.12001000500250125 13.450527674085626
0.12021010505252627 26.387343953361313
0.12041020510255128 493.083476014911
0.1206103051525763 30.15173469655867
0.1208104052026013 14.793141295235458
0.12101050525262633 9.88172668107063
0.12121060530265133 7.46853912383484
0.12141070535267634 6.037222843401641
0.12161080540270136 5.092032177641595
0.12181090545272637 4.422831525661337
0.12201100550275137 3.9253070675676973
0.1222111055527764 3.54180237488092
0.12241120560280142 3.2378564075869267
0.12261130565282642 2.9916056739865904
0.12281140570285143 2.788510589068582
0.12301150575287645 2.6185265113696072
0.12321160580290146 2.474492116186119
0.12341170585292646 2.3511648469260167
0.12361180590295148 2.2446193369757284
0.1238119059529765 2.1518588429713064
0.12401200600300151 2.070556591084366
0.12421210605302652 1.9988790322398897
0.12441220610305154 1.9353622587681463
0.12461230615307654 1.878823816205803
0.12481240620310155 1.8282986211376853
0.12501250625312657 1.7829916322723067
0.1252126063031516 1.7422423786048213
0.12541270635317658 1.7054980187597695
0.1256128064032016 1.6722926311094073
0.12581290645322663 1.642231117219864
0.12601300650325165 1.6149765641751939
0.12621310655327664 1.590240230371327
0.12641320660330166 1.5677735425340276
0.12661330665332668 1.5473616499862024
0.12681340670335167 1.5288181958847429
0.1270135067533767 1.5119810477985787
0.1272136068034017 1.4967087907540642
0.12741370685342673 1.4828778309989445
0.12761380690345173 1.4703799925813537
0.12781390695347675 1.4591205144609267
0.12801400700350177 1.44901637543401
0.12821410705352676 1.4399948892222967
0.12841420710355178 1.4319925237719322
0.1286143071535768 1.4249539079656597
0.12881440720360182 1.4188309961730812
0.12901450725362681 1.4135823668098255
0.12921460730365184 1.409172635686262
0.12941470735367686 1.4055719686611423
0.12961480740370185 1.4027556811734339
0.12981490745372687 1.400703914761684
0.1300150075037519 1.3994013828146576
0.1302151075537769 1.3988371796277532
0.1304152076038019 1.3990046484438752
0.13061530765382692 1.3999013056022456
0.13081540770385194 1.4015288192600897
0.13101550775387694 1.4038930424417495
0.13121560780390196 1.4070041014565813
0.13141570785392698 1.410876542058871
0.131615807903952 1.4155295371525014
0.131815907953977 1.4209871614259835
0.132016008004002 1.4272787401071247
0.132216108054027 1.4344392811295954
0.13241620810405202 1.4425100025040212
0.13261630815407704 1.4515389697068766
0.13281640820410207 1.461581861598966
0.13301650825412709 1.4727028879646034
0.13321660830415208 1.4849758874908043
0.1334167083541771 1.4984856422355026
0.1336168084042021 1.5133294538374866
0.1338169084542271 1.5296190385358006
0.13401700850425213 1.547482813359308
0.13421710855427715 1.5670686658099606
0.13441720860430217 1.588547325650444
0.13461730865432717 1.6121164923370348
0.1348174087043522 1.6380059185025775
0.13501750875437718 1.6664837134095964
0.1352176088044022 1.6978642173159617
0.13541770885442722 1.7325179183140857
0.13561780890445224 1.7708840524880058
0.13581790895447726 1.8134867690297007
0.13601800900450225 1.8609560894983619
0.13621810905452728 1.914055400011378
0.13641820910455227 1.9737179753936929
0.1366183091545773 2.0410961900872993
0.1368184092046023 2.1176288646485553
0.13701850925462733 2.205135046203679
0.13721860930465235 2.3059471646331695
0.13741870935467734 2.4231042927216255
0.13761880940470236 2.56063972431506
0.13781890945472736 2.7240213153763086
0.13801900950475238 2.9208484454858934
0.1382191095547774 3.1619988393062375
0.13841920960480242 3.4636048436134774
0.13861930965482744 3.8506550117229326
0.13881940970485243 4.364028194269987
0.13901950975487745 5.07549757355393
0.13921960980490244 6.123692961360463
0.13941970985492746 7.815540979628647
0.13961980990495249 10.992867587587854
0.1398199099549775 19.097090345156968
0.14002001000500253 82.1785152946228
0.14022011005502752 33.82522417750126
0.14042021010505254 13.74528786935154
0.14062031015507753 8.52611523831956
0.14082041020510255 6.133986027030449
0.14102051025512757 4.766504005006737
0.1412206103051526 3.8850692478921345
0.1414207103551776 3.2723970262044735
0.1416208104052026 2.823993825140604
0.14182091045522763 2.4833661892280117
0.14202101050525262 2.21728756620392
0.14222111055527764 2.004928512686669
0.14242121060530266 1.8325593569691478
0.14262131065532768 1.690755099747154
0.14282141070535267 1.5728245274241082
0.1430215107553777 1.4738807862036858
0.14322161080540272 1.3902674899994316
0.1434217108554277 1.3191913403085618
0.14362181090545273 1.2584795510351507
0.14382191095547775 1.2064153027668678
0.14402201100550277 1.1616234346198089
0.14422211105552776 1.1229893200210075
0.14442221110555278 1.0896001637256152
0.1446223111555778 1.0607017583828096
0.1448224112056028 1.035666098949723
0.14502251125562782 1.0139667541245019
0.14522261130565284 0.9951598688597805
0.14542271135567786 0.9788693171542003
0.14562281140570285 0.9647749583342295
0.14582291145572787 0.9526032463634548
0.1460230115057529 0.9421196467806667
0.14622311155577788 0.9331224595819864
0.1464232116058029 0.9254377483119398
0.14662331165582793 0.9189151488221351
0.14682341170585295 0.913424384337961
0.14702351175587794 0.908852352585066
0.14722361180590296 0.9051006798422296
0.14742371185592798 0.9020836587256394
0.14762381190595297 0.8997265032386477
0.147823911955978 0.897963867526513
0.14802401200600301 0.8967385848414009
0.14822411205602803 0.8960005911550711
0.14842421210605303 0.8957060041669558
0.14862431215607805 0.8958163335186224
0.14882441220610307 0.8962978021195979
0.14902451225612806 0.8971207618224811
0.14922461230615308 0.8982591894150107
0.1494247123561781 0.8996902511442665
0.14962481240620312 0.9013939258472802
0.14982491245622812 0.9033526783063979
0.15002501250625314 0.9055511757348967
0.15022511255627816 0.9079760413746408
0.15042521260630315 0.9106156400903509
0.15062531265632817 0.9134598916041056
0.1508254127063532 0.9165001076535871
0.1510255127563782 0.9197288498981665
0.1512256128064032 0.9231398058546265
0.15142571285642822 0.9267276805326015
0.15162581290645324 0.9304881017698555
0.15182591295647824 0.9344175375486811
0.15202601300650326 0.9385132238145113
0.15222611305652828 0.9427731015229586
0.1524262131065533 0.9471957618171141
0.1526263131565783 0.951780398387749
0.1528264132066033 0.9565267661986899
0.15302651325662833 0.9614351458714117
0.15322661330665333 0.9665063131194566
0.15342671335667835 0.9717415127068851
0.15362681340670337 0.9771424364775247
0.1538269134567284 0.9827112050651271
0.15402701350675338 0.9884503529496853
0.1542271135567784 0.9943628165736895
0.15442721360680342 1.0004519252747863
0.1546273136568284 1.006721394829088
0.15482741370685343 1.0131753234330432
0.15502751375687845 1.0198181899818672
0.15522761380690347 1.026654854529769
0.15542771385692847 1.0336905608419784
0.1556278139069535 1.0409309409712346
0.15582791395697848 1.0483820218126068
0.1560280140070035 1.0560502336102957
0.15622811405702852 1.0639424204088912
0.15642821410705354 1.0720658524598372
0.15662831415707856 1.0804282406115016
0.15682841420710356 1.0890377527289772
0.15702851425712858 1.0979030322073227
0.15722861430715357 1.1070332186600882
0.1574287143571786 1.1164379708835206
0.1576288144072036 1.126127492216269
0.15782891445722863 1.1361125584350242
0.15802901450725365 1.1464045483482916
0.15822911455727864 1.1570154772741852
0.15842921460730366 1.16795803361357
0.15862931465732866 1.1792456187578662
0.15882941470735368 1.1908923906013285
0.1590295147573787 1.202913310961627
0.15922961480740372 1.2153241972499207
0.15942971485742874 1.2281417787734967
0.15962981490745373 1.2413837581007319
0.15982991495747875 1.255068877970591
0.16003001500750375 1.2692169942877503
0.16023011505752877 1.2838491558110996
0.1604302151075538 1.2989876912184568
0.1606303151575788 1.3146563043157864
0.16083041520760383 1.3308801782561666
0.16103051525762882 1.3476860897442886
0.16123061530765384 1.3651025343285916
0.16143071535767883 1.3831598640275213
0.16163081540770385 1.401890438702475
0.16183091545772887 1.4213287927805172
0.1620310155077539 1.4415118191501763
0.16223111555777892 1.462478972307495
0.1624312156078039 1.484272493124306
0.16263131565782893 1.506937657952577
0.16283141570785392 1.5305230551771196
0.16303151575787894 1.555080892794146
0.16323161580790396 1.5806673411376113
0.16343171585792898 1.6073429155152388
0.163631815907954 1.635172904268913
0.163831915957979 1.6642278486643356
0.16403201600800402 1.6945840820691251
0.164232116058029 1.7263243371324226
0.16443221610805403 1.759538431175045
0.16463231615807905 1.794324041789928
0.16483241620810407 1.8307875868050894
0.1650325162581291 1.869045225357619
0.16523261630815408 1.9092239999718716
0.1654327163581791 1.9514631433597593
0.1656328164082041 1.9959155783335993
0.16583291645822912 2.0427496449559763
0.16603301650825414 2.0921510961209266
0.16623311655827916 2.1443254115239756
0.16643321660830418 2.199500490893727
0.16663331665832917 2.2579298010334297
0.1668334167083542 2.319896068451139
0.16703351675837919 2.385715631201631
0.1672336168084042 2.4557435914366446
0.16743371685842923 2.530379945967207
0.16763381690845425 2.6100769184790504
0.16783391695847927 2.695347777460211
0.16803401700850426 2.786777503324083
0.16823411705852928 2.8850357735234193
0.16843421710855427 2.990892875376914
0.1686343171585793 3.105239346780827
0.16883441720860431 3.229110405068378
0.16903451725862934 3.363716583508504
0.16923461730865436 3.5104824971444684
0.16943471735867935 3.671096371017798
0.16963481740870434 3.847573985770894
0.16983491745872936 4.042342186541334
0.17003501750875438 4.258349312933262
0.1702351175587794 4.499213250017815
0.17043521760880442 4.769422953197477
0.17063531765882944 5.0746174231792
0.17083541770885444 5.4219792341881625
0.17103551775887943 5.820801524688646
0.17123561780890445 6.283324727019575
0.17143571785892947 6.826005641284243
0.1716358179089545 7.471504041133008
0.1718359179589795 8.251909358873966
0.17203601800900453 9.2142154109486
0.17223611805902952 10.430110464514284
0.17243621810905452 12.01465121913624
0.17263631815907954 14.16490186237967
0.17283641820910456 17.248840817256248
0.17303651825912958 22.04195332857238
0.1732366183091546 30.507299673941567
0.17343671835917962 49.47907239004265
0.1736368184092046 130.45976501078195
0.1738369184592296 205.99458624021977
0.17403701850925463 57.65020305491924
0.17423711855927965 33.549392305801746
0.17443721860930467 23.67734534458618
0.1746373186593297 18.30610736268516
0.1748374187093547 14.929657650586641
0.1750375187593797 12.611179288859738
0.1752376188094047 10.921064910833449
0.17543771885942971 9.634574526952553
0.17563781890945473 8.62272428801621
0.17583791895947976 7.806196724627731
0.17603801900950478 7.133534305743499
0.17623811905952977 6.569894717786744
0.1764382191095548 6.09084560442806
0.17663831915957978 5.678746986940682
0.1768384192096048 5.320544229827679
0.17703851925962982 5.006369049049026
0.17723861930965484 4.728623263986507
0.17743871935967986 4.481361520837694
0.17763881940970486 4.25986504440534
0.17783891945972988 4.060340830757856
0.17803901950975487 3.8797052256862226
0.1782391195597799 3.715425504265411
0.1784392196098049 3.565402091862239
0.17863931965982993 3.427879761422457
0.17883941970985495 3.3013798176739484
0.17903951975987994 3.18464770100253
0.17923961980990497 3.0766120699415014
0.17943971985992996 2.976352531843057
0.17963981990995498 2.88307396179851
0.17983991995998 2.7960858921775533
0.18004002001000502 2.7147858419602073
0.18024012006003004 2.638645734356499
0.18044022011005503 2.567200755234227
0.18064032016008005 2.5000401555054204
0.18084042021010505 2.4367996129418836
0.18104052026013007 2.3771548534303846
0.1812406203101551 2.3208162958677265
0.1814407203601801 2.2675245340358723
0.18164082041020513 2.2170465067097798
0.18184092046023012 2.1691722367139357
0.18204102051025514 2.123712042700631
0.18224112056028013 2.080494145584242
0.18244122061030515 2.0393626059593393
0.18264132066033018 2.0001755403067065
0.1828414207103552 1.9628035729908493
0.18304152076038022 1.9271284884678523
0.1832416208104052 1.893042054129256
0.18344172086043023 1.8604449890971917
0.18364182091045522 1.8292460582844572
0.18384192096048024 1.799361274317653
0.18404202101050526 1.7707131926305653
0.18424212106053028 1.7432302872786796
0.1844422211105553 1.7168463968912382
0.1846423211605803 1.691500231733972
0.18484242121060532 1.6671349341593675
0.1850425212606303 1.6436976858174008
0.18524262131065533 1.621139355922896
0.18544272136068035 1.5994141856579187
0.18564282141070537 1.5784795044499
0.1858429214607304 1.5582954744310193
0.18604302151075539 1.538824859865434
0.1862431215607804 1.5200328187432468
0.1864432216108054 1.5018867140935153
0.18664332166083042 1.4843559428727606
0.18684342171085544 1.4674117805476785
0.18704352176088046 1.4510272397174933
0.18724362181090548 1.4351769413177742
0.18744372186093047 1.419836997118113
0.1876438219109555 1.4049849023746193
0.1878439219609805 1.390599437627463
0.1880440220110055 1.3766605787469994
0.18824412206103053 1.3631494144310563
0.18844422211105555 1.3500480704428572
0.18864432216108057 1.3373396399554494
0.18884442221110556 1.3250081194358945
0.18904452226113058 1.3130383495616784
0.18924462231115557 1.3014159607144746
0.1894447223611806 1.290127322642519
0.18964482241120562 1.2791594979244163
0.18984492246123064 1.2685001989033386
0.19004502251125566 1.2581377477934619
0.19024512256128065 1.2480610396891871
0.19044522261130567 1.2382595082336911
0.19064532266133066 1.2287230937263363
0.19084542271135568 1.2194422134692053
0.1910455227613807 1.21040773417143
0.19124562281140572 1.2016109462466533
0.19144572286143074 1.19304353985385
0.19164582291145574 1.1846975825451111
0.19184592296148076 1.1765654983960419
0.19204602301150575 1.1686400485054447
0.19224612306153077 1.1609143127605506
0.1924462231115558 1.1533816727731552
0.1926463231615808 1.1460357958998977
0.19284642321160583 1.1388706202672696
0.19304652326163083 1.131880340728501
0.19324662331165585 1.1250593956854331
0.19344672336168084 1.1184024547139872
0.19364682341170586 1.1119044069367499
0.19384692346173088 1.1055603500906055
0.1940470235117559 1.0993655802416655
0.19424712356178092 1.0933155821032154
0.1944472236118059 1.0874060199160531
0.1946473236618309 1.0816327288535725
0.19484742371185593 1.075991706916805
0.19504752376188095 1.070479107287353
0.19524762381190597 1.0650912311084106
0.195447723861931 1.0598245206663548
0.195647823911956 1.0546755529473202
0.195847923961981 1.049641033545187
0.196048024012006 1.0447177908988567
0.19624812406203102 1.0399027708385
0.19644822411205604 1.0351930314217854
0.19664832416208106 1.0305857380424097
0.19684842421210608 1.0260781587945274
0.1970485242621311 1.021667660077815
0.1972486243121561 1.0173517024288694
0.19744872436218108 1.0131278365657181
0.1976488244122061 1.0089936996329931
0.19784892446223112 1.004947011636257
0.19804902451225614 1.0009855720546557
0.19824912456228116 0.9971072566218001
0.19844922461230619 0.9933100142654736
0.19864932466233118 0.9895918641973167
0.19884942471235617 0.9859508931442518
0.1990495247623812 0.9823852527139119
0.1992496248124062 0.9788931568868281
0.19944972486243123 0.9754728796286141
0.19964982491245625 0.9721227526157726
0.19984992496248125 0.9688411630691488
0.20005002501250627 0.9656265516894899
0.20025012506253126 0.9624774106897902
0.20045022511255628 0.9593922819195531
0.2006503251625813 0.9563697550763167
0.20085042521260632 0.9534084660000848
0.20105052526263134 0.9505070950466167
0.20125062531265633 0.9476643655357083
0.20145072536268135 0.9448790422708585
0.20165082541270635 0.9421499301269609
0.20185092546273137 0.939475872702802
0.2020510255127564 0.9368557510353759
0.2022511255627814 0.9342884823732304
0.20245122561280643 0.9317730190061583
0.20265132566283142 0.9293083471487679
0.20285142571285644 0.926893485875599
0.20305152576288144 0.9245274861055969
0.20325162581290646 0.9222094296338422
0.20345172586293148 0.9199384282086744
0.2036518259129565 0.917713622652346
0.20385192596298152 0.9155341820235293
0.2040520260130065 0.9133993028200839
0.20425212606303153 0.9113082082206195
0.20445222611305652 0.9092601473634554
0.20465232616308154 0.9072543946616859
0.20485242621310656 0.9052902491531845
0.20505252626313158 0.9033670338844073
0.2052526263131566 0.901484095326994
0.2054527263631816 0.8996408028262225
0.20565282641320662 0.8978365480804499
0.2058529264632316 0.8960707446507858
0.20605302651325663 0.8943428275002379
0.20625312656328165 0.8926522525617804
0.20645322661330667 0.8909984963346926
0.2066533266633317 0.8893810555087799
0.2068534267133567 0.887799446615979
0.2070535267633817 0.886253205709073
0.2072536268134067 0.8847418880672133
0.20745372686343172 0.8832650679280665
0.20765382691345674 0.8818223382464638
0.20785392696348176 0.8804133104795028
0.20805402701350678 0.8790376143981327
0.20825412706353177 0.8776948979253495
0.2084542271135568 0.8763848270011614
0.2086543271635818 0.8751070854746271
0.2088544272136068 0.8738613750232955
0.20905452726363183 0.8726474151005463
0.20925462731365685 0.8714649429113315
0.20945472736368187 0.8703137134169857
0.20965482741370686 0.869193499369882
0.20985492746373188 0.8681040913787408
0.21005502751375688 0.8670452980056517
0.2102551275637819 0.8660169458958658
0.21045522761380692 0.8650188799416397
0.21065532766383194 0.8640509634815086
0.21085542771385696 0.8631130785365695
0.21105552776388195 0.8622051260854663
0.21125562781390697 0.8613270263800213
0.21145572786393196 0.8604787193035899
0.21165582791395698 0.8596601647744817
0.211855927963982 0.8588713431970028
0.21205602801400703 0.8581122559629304
0.21225612806403205 0.8573829260065089
0.21245622811405704 0.856683398416381
0.21265632816408206 0.8560137411081499
0.21285642821410705 0.8553740455617487
0.21305652826413207 0.8547644276279914
0.2132566283141571 0.8541850284093833
0.2134567283641821 0.8536360152205035
0.21365682841420713 0.8531175826339993
0.21385692846423213 0.8526299536187042
0.21405702851425715 0.852173380777109
0.21425712856428214 0.8517481476901059
0.21445722861430716 0.8513545703777423
0.21465732866433218 0.8509929988856336
0.2148574287143572 0.850663819007601
0.21505752876438222 0.8503674541563145
0.21525762881440721 0.8501043673948255
0.21545772886443224 0.8498750636433713
0.21565782891445723 0.8496800920772275
0.21585792896448225 0.8495200487332409
0.21605802901450727 0.8493955793444513
0.2162581290645323 0.8493073824245249
0.2164582291145573 0.8492562126259885
0.2166583291645823 0.8492428843990694
0.21685842921460732 0.8492682759810407
0.21705852926463232 0.8493333337493373
0.21725862931465734 0.8494390769757719
0.21745872936468236 0.8495866030234923
0.21765882941470738 0.8497770930334703
0.2178589294647324 0.8500118181529747
0.2180590295147574 0.8502921463650968
0.21825912956478238 0.8506195499856889
0.2184592296148074 0.8509956139028032
0.21865932966483242 0.851422044643265
0.21885942971485745 0.8519006803623013
0.21905952976488247 0.8524335018649827
0.2192596298149075 0.8530226447829891
0.21945972986493248 0.8536704130473856
0.21965982991495747 0.8543792938177427
0.2198599299649825 0.855151974050956
0.2200600300150075 0.8559913589197117
0.22026013006503253 0.8569005923215393
0.22046023011505755 0.8578830797556856
0.22066033016508257 0.8589425138874198
0.22086043021510757 0.8600829031691893
0.22106053026513256 0.8613086039466894
0.22126063031515758 0.8626243565470549
0.2214607303651826 0.8640353259283051
0.22166083041520762 0.8655471475665267
0.22186093046523264 0.8671659793730191
0.22206103051525766 0.8688985605722139
0.22226113056528266 0.8707522786371272
0.22246123061530765 0.8727352455790006
0.22266133066533267 0.8748563851289825
0.2228614307153577 0.8771255326423365
0.2230615307653827 0.8795535499115127
0.22326163081540773 0.8821524575097281
0.22346173086543275 0.8849355878205262
0.22366183091545774 0.8879177625671374
0.22386193096548274 0.8911154994710783
0.22406203101550776 0.8945472536841587
0.22426213106553278 0.8982337009082181
0.2244622311155578 0.9021980707142214
0.22466233116558282 0.9064665405930181
0.2248624312156078 0.9110687038419364
0.22506253126563283 0.9160381276844121
0.22526263131565785 0.9214130222653135
0.22546273136568284 0.927237046675996
0.22566283141570787 0.9335602853708551
0.22586293146573289 0.9404404378387046
0.2260630315157579 0.9479442770219338
0.2262631315657829 0.956149448914917
0.22646323161580792 0.9651467087093212
0.22666333166583294 0.975042720226088
0.22686343171585793 0.9859635887640458
0.22706353176588295 0.9980593582133882
0.22726363181590797 1.01150978934266
0.22746373186593297 1.0265318598469044
0.227663831915958 1.0433896071734066
0.227863931965983 1.0624072027259739
0.22806403201600803 1.0839865500923063
0.22826413206603302 1.1086313222640491
0.22846423211605804 1.136980332621259
0.22866433216608306 1.1698547152494436
0.22886443221610805 1.208326011313281
0.22906453226613308 1.253816740494477
0.2292646323161581 1.3082529744203528
0.22946473236618312 1.3743030616277156
0.2296648324162081 1.4557649073227705
0.22986493246623313 1.5582218094054958
0.23006503251625815 1.6902120979906232
0.23026513256628314 1.8654522917723975
0.23046523261630816 2.1074161769243362
0.23066533266633318 2.459808079286641
0.2308654327163582 3.0142036060838238
0.2310655327663832 4.000045020471524
0.23126563281640822 6.200050684714215
0.23146573286643324 15.146511292138266
0.23166583291645823 28.563269696314745
0.23186593296648325 7.114497103993588
0.23206603301650827 4.017120088338751
0.2322661330665333 2.792505148607765
0.23246623311655829 2.146687099070161
0.2326663331665833 1.7545868013240316
0.23286643321660833 1.4959970864174634
0.23306653326663332 1.31605312487882
0.23326663331665834 1.1860864852000221
0.23346673336668336 1.0896308152228535
0.23366683341670838 1.0165487981484622
0.23386693346673337 0.9602642321023623
0.2340670335167584 0.9163360083970845
0.23426713356678341 0.8816692242698335
0.2344672336168084 0.8540526029337304
0.23466733366683343 0.8318739015004697
0.23486743371685845 0.8139377364918241
0.23506753376688347 0.7993450929360613
0.23526763381690846 0.7874114527828369
0.23546773386693348 0.7776099069330422
0.2356678339169585 0.769530880103927
0.2358679339669835 0.7628531601891602
0.23606803401700852 0.7573227710972531
0.23626813406703354 0.7527373786335643
0.23646823411705856 0.7489346558151372
0.23666833416708355 0.7457835172968468
0.23686843421710857 0.7431774561578579
0.2370685342671336 0.7410294367966301
0.23726863431715858 0.73926795026088
0.2374687343671836 0.7378339453417134
0.23766883441720862 0.7366784246986364
0.23786893446723364 0.7357605497504661
0.23806903451725864 0.7350461375160351
0.23826913456728366 0.7345064614148012
0.23846923461730868 0.7341172892758973
0.23866933466733367 0.7338581075730491
0.2388694347173587 0.7337114926960735
0.2390695347673837 0.7336625989502386
0.2392696348174087 0.7336987397058549
0.23946973486743373 0.7338090432539874
0.23966983491745875 0.7339841688627048
0.23986993496748377 0.7342160715671352
0.24007003501750876 0.7344978065841384
0.24027013506753378 0.7348233660809141
0.2404702351175588 0.7351875424679661
0.2406703351675838 0.7355858135217351
0.2408704352176088 0.7360142455403275
0.24107053526763383 0.7364694114495596
0.24127063531765885 0.7369483213463369
0.24147073536768385 0.7374483634232386
0.24167083541770887 0.7379672535857508
0.2418709354677339 0.7385029923706911
0.24207103551775888 0.7390538280153031
0.2422711355677839 0.7396182247225562
0.24247123561780892 0.7401948353284584
0.24267133566783394 0.7407824777084054
0.24287143571785894 0.7413801143676068
0.24307153576788396 0.7419868347497098
0.24327163581790898 0.742601839871374
0.24347173586793397 0.7432244289517997
0.243671835917959 0.7438539877570564
0.243871935967984 0.7444899784215954
0.24407203601800903 0.7451319305448729
0.24427213606803402 0.7457794333908427
0.24447223611805904 0.746432129043218
0.24467233616808406 0.7470897063905225
0.24487243621810906 0.7477518958328957
0.24507253626813408 0.7484184646177485
0.2452726363181591 0.74908921272426
0.24547273636818412 0.749763969227654
0.2456728364182091 0.7504425890835575
0.24587293646823413 0.7511249502807115
0.24607303651825915 0.7518109513171742
0.24627313656828415 0.7525005089609846
0.24647323661830917 0.7531935562613569
0.2466733366683342 0.7538900407807582
0.2468734367183592 0.7545899230220405
0.2470735367683842 0.7552931750279793
0.24727363681840922 0.7559997791333913
0.24747373686843424 0.756709726852496
0.24767383691845923 0.757423017886185
0.24787393696848425 0.758139659235823
0.24807403701850927 0.7588596644117109
0.2482741370685343 0.7595830527258041
0.2484742371185593 0.7603098486594506
0.2486743371685843 0.7610400812980402
0.24887443721860933 0.7617737838253079
0.24907453726863432 0.7625109930709686
0.24927463731865934 0.763251749105956
0.24947473736868436 0.7639960948802939
0.24967483741870938 0.7647440758990847
0.24987493746873438 0.76549573993268
0.25007503751875937 0.7662511367574554
0.2502751375687844 0.767010317924055
0.2504752376188094 0.767773336550296
0.25067533766883443 0.7685402471361897
0.25087543771885945 0.7693111053988713
0.25107553776888447 0.7700859681253942
0.2512756378189095 0.7708648930416072
0.2514757378689345 0.7716479386955114
0.25167583791895953 0.7724351643536265
0.2518759379689845 0.7732266299090951
0.2520760380190095 0.7740223958003606
0.25227613806903454 0.7748225229393473
0.2524762381190595 0.7756270726482358
0.2526763381690845 0.7764361066039913
0.25287643821910955 0.7772496867898362
0.25307653826913457 0.7780678754530471
0.2532766383191596 0.7788907350684233
0.2534767383691846 0.77971832830687
0.2536768384192096 0.7805507180086204
0.25387693846923465 0.7813879671606169
0.25407703851925967 0.7822301388776621
0.2542771385692847 0.7830772963869714
0.2544772386193097 0.7839295030157813
0.2546773386693347 0.7847868221817408
0.2548774387193597 0.7856493173857704
0.2550775387693847 0.7865170522072056
0.2552776388194097 0.787390090300937
0.2554777388694347 0.7882684953964086
0.2556778389194597 0.7891523312982435
0.25587793896948474 0.7900416618883699
0.25607803901950976 0.7909365511294765
0.2562781390695348 0.7918370630696817
0.2564782391195598 0.7927432618482804
0.2566783391695848 0.7936552117024674
0.25687843921960984 0.794572976974943
0.25707853926963486 0.7954966221223065
0.2572786393196599 0.7964262117241501
0.25747873936968485 0.7973618104928031
0.25767883941970987 0.7983034832836349
0.2578789394697349 0.7992512951058737
0.25807903951975986 0.8002053111338886
0.2582791395697849 0.8011655967188845
0.2584792396198099 0.8021322174009528
0.2586793396698349 0.80310523892147
0.25887943971985994 0.8040847272357815
0.25907953976988496 0.8050707485261563
0.25927963981991 0.8060633692149779
0.259479739869935 0.8070626559781396
0.25967983991996 0.808068675758659
0.25987993996998504 0.8090814957804262
0.26008004002001006 0.8101011835621436
0.260280140070035 0.8111278069313776
0.26048024012006005 0.8121614340387625
0.26068034017008507 0.8132021333723024
0.26088044022011003 0.8142499737717821
0.26108054027013505 0.8153050244432857
0.2612806403201601 0.8163673549737974
0.2614807403701851 0.8174370353458884
0.2616808404202101 0.8185141359524798
0.26188094047023514 0.8195987276117032
0.26208104052026016 0.8206908815817927
0.2622811405702852 0.8217906695760908
0.2624812406203102 0.8228981637780989
0.2626813406703352 0.8240134368566033
0.2628814407203602 0.8251365619808673
0.2630815407703852 0.8262676128358996
0.2632816408204102 0.8274066636377796
0.26348174087043524 0.8285537891490721
0.2636818409204602 0.8297090646942943
0.26388194097048523 0.8308725661754778
0.26408204102051025 0.8320443700877941
0.26428214107053527 0.8332245535352687
0.2644822411205603 0.8344131942465852
0.2646823411705853 0.835610370590961
0.26488244122061033 0.836816161594133
0.26508254127063535 0.8380306469544229
0.2652826413206604 0.8392539070589256
0.2654827413706854 0.8404860229997727
0.26568284142071036 0.8417270765905339
0.2658829414707354 0.8429771503827207
0.2660830415207604 0.8442363276824034
0.2662831415707854 0.8455046925669669
0.2664832416208104 0.8467823299019966
0.2666833416708354 0.8480693253582894
0.2668834417208604 0.8493657654290114
0.26708354177088545 0.8506717374470192
0.26728364182091047 0.8519873296023074
0.2674837418709355 0.853312630959645
0.2676838419209605 0.8546477314763617
0.26788394197098553 0.8559927220203065
0.26808404202101055 0.8573476943880016
0.26828414207103557 0.8587127413229724
0.26848424212106053 0.8600879565342604
0.26868434217108556 0.8614734347151666
0.2688844422211106 0.8628692715621736
0.2690845422711356 0.8642755637940926
0.26928464232116056 0.8656924091714432
0.2694847423711856 0.867119906516043
0.2696848424212106 0.8685581557308575
0.2698849424712356 0.8700072578200724
0.27008504252126064 0.8714673149094365
0.27028514257128566 0.8729384302668538
0.2704852426213107 0.874420708323255
0.2706853426713357 0.8759142546937403
0.2708854427213607 0.877419176199005
0.27108554277138575 0.878935580887073
0.2712856428214107 0.8804635780553104
0.27148574287143573 0.8820032782727854
0.27168584292146075 0.8835547934029082
0.2718859429714858 0.8851182366264402
0.27208604302151074 0.886693722464814
0.27228614307153576 0.8882813668038244
0.2724862431215608 0.8898812869176594
0.2726863431715858 0.8914936014933187
0.2728864432216108 0.8931184306553938
0.27308654327163584 0.8947558959912609
0.27328664332166086 0.8964061205766481
0.2734867433716859 0.8980692290016308
0.2736868434217109 0.8997453473970446
0.2738869434717359 0.9014346034613352
0.2740870435217609 0.9031371264878406
0.2742871435717859 0.9048530473925548
0.27448724362181093 0.9065824987423262
0.27468734367183595 0.9083256147835718
0.2748874437218609 0.9100825314714569
0.27508754377188593 0.9118533864996032
0.27528764382191095 0.9136383193303003
0.275487743871936 0.9154374712252478
0.275687843921961 0.9172509852768714
0.275887943971986 0.9190790064401577
0.27608804402201104 0.9209216815651065
0.27628814407203606 0.9227791594297299
0.2764882441220611 0.924651590773708
0.2766883441720861 0.9265391283325999
0.27688844422211106 0.9284419268727507
0.2770885442721361 0.9303601432268194
0.2772886443221611 0.932293936329978
0.27748874437218607 0.9342434672567937
0.2776888444222111 0.9362088992588341
0.2778889444722361 0.9381903978029685
0.27808904452226113 0.9401881306104187
0.27828914457228615 0.9422022676965662
0.27848924462231117 0.9442329814115429
0.2786893446723362 0.9462804464816097
0.2788894447223612 0.9483448400513531
0.27908954477238623 0.9504263417267261
0.27928964482241125 0.9525251336189383
0.2794897448724363 0.9546414003892465
0.27968984492246124 0.956775329294613
0.27988994497248626 0.9589271102343296
0.2800900450225113 0.961096935797579
0.28029014507253625 0.9632850013119427
0.28049024512256127 0.9654915048929686
0.2806903451725863 0.9677166474946984
0.2808904452226113 0.9699606329612862
0.2810905452726363 0.9722236680797013
0.28129064532266135 0.9745059626335013
0.28149074537268637 0.9768077294577814
0.2816908454227114 0.9791291844952703
0.2818909454727364 0.9814705468536081
0.28209104552276143 0.9838320388638843
0.28229114557278645 0.9862138861404045
0.2824912456228114 0.988616317641773
0.28269134567283644 0.9910395657332839
0.28289144572286146 0.993483866250665
0.2830915457728864 0.9959494585652688
0.28329164582291144 0.9984365856506285
0.28349174587293646 1.0009454941505398
0.2836918459229615 1.0034764344486262
0.2838919459729865 1.00602966073948
0.2840920460230115 1.008605431101361
0.28429214607303654 1.0112040075705742
0.28449224612306157 1.0138256562174988
0.2846923461730866 1.0164706472243625
0.2848924462231116 1.0191392549647675
0.2850925462731366 1.0218317580850707
0.2852926463231616 1.0245484395876048
0.2854927463731866 1.027289586915839
0.28569284642321163 1.0300554920415224
0.2858929464732366 1.032846451553836
0.2860930465232616 1.035662766750657
0.28629314657328664 1.038504743731954
0.28649324662331166 1.0413726934954006
0.2866933466733367 1.0442669320342317
0.2868934467233617 1.0471877804374723
0.2870935467733867 1.0501355649925208
0.28729364682341174 1.053110617290233
0.28749374687343676 1.0561132743325146
0.2876938469234618 1.0591438786425442
0.28789394697348675 1.0622027783776675
0.28809404702351177 1.0652903274450554
0.2882941470735368 1.068406885620196
0.2884942471235618 1.071552818668331
0.2886943471735868 1.0747284984688708
0.2888944472236118 1.0779343031429278
0.2890945472736368 1.0811706171840316
0.28929464732366184 1.0844378315921166
0.28949474737368686 1.087736344010906
0.2896948474237119 1.0910665588687567
0.2898949474737369 1.094428887523093
0.2900950475237619 1.097823748408541
0.29029514757378694 1.1012515671888534
0.29049524762381196 1.1047127769127478
0.2906953476738369 1.1082078181738042
0.29089544772386194 1.111737139274478
0.29109554777388696 1.1153011963944421
0.291295647823912 1.1189004537633314
0.29149574787393695 1.1225353838380263
0.29169584792396197 1.1262064674846515
0.291895947973987 1.1299141941654145
0.292096048024012 1.1336590621304272
0.29229614807403703 1.1374415786146914
0.29249624812406205 1.1412622600403668
0.2926963481740871 1.1451216322245779
0.2928964482241121 1.1490202305928203
0.2930965482741371 1.1529586003982268
0.29329664832416213 1.1569372969468632
0.2934967483741871 1.1609568858292403
0.2936968484242121 1.1650179431582373
0.29389694847423714 1.1691210558136695
0.29409704852426216 1.1732668216936906
0.2942971485742871 1.177455849973277
0.29449724862431215 1.1816887613700169
0.29469734867433717 1.1859661884174488
0.2948974487243622 1.1902887757461862
0.2950975487743872 1.1946571803731285
0.29529764882441223 1.199072071998992
0.29549774887443725 1.2035341333144538
0.29569784892446227 1.208044060315218
0.2958979489744873 1.212602562626277
0.2960980490245123 1.2172103638357124
0.2962981490745373 1.2218682018383622
0.2964982491245623 1.2265768291896635
0.2966983491745873 1.231337013470081
0.29689844922461234 1.2361495376604266
0.2970985492746373 1.2410152005285366
0.2972986493246623 1.245934817027595
0.29749874937468734 1.250909218706635
0.29769884942471236 1.255939254133582
0.2978989494747374 1.2610257893313008
0.2980990495247624 1.266169708227123
0.2982991495747874 1.271371913116349
0.29849924962481245 1.276633325140245
0.29869934967483747 1.2819548847789886
0.2988994497248625 1.287337552360272
0.29909954977488745 1.2927823085839396
0.2992996498249125 1.2982901550634542
0.2994997498749375 1.3038621148846763
0.29969984992496246 1.3094992331826691
0.2998999499749875 1.315202577737242
0.3001000500250125 1.3209732395878615
0.3003001500750375 1.3268123336687607
0.30050025012506254 1.332720999464937
0.30070035017508756 1.3387004016899353
0.3009004502251126 1.3447517309862014
0.3011005502751376 1.350876204648911
0.3013006503251626 1.3570750673741603
0.30150075037518764 1.3633495920326077
0.30170085042521266 1.369701080469353
0.30190095047523763 1.3761308643313734
0.30210105052526265 1.3826403059233796
0.30230115057528767 1.3892307990934465
0.30250125062531263 1.3959037701494454
0.30270135067533765 1.4026606788077234
0.3029014507253627 1.4095030191751712
0.3031015507753877 1.4164323207662328
0.3033016508254127 1.423450149556202
0.30350175087543774 1.430558109072365
0.30370185092546276 1.4377578415245824
0.3039019509754878 1.445051028976984
0.3041020510255128 1.4524393945625667
0.3043021510755378 1.459924703742413
0.30450225112556284 1.4675087656116739
0.3047023511755878 1.4751934342541233
0.3049024512256128 1.4829806101475544
0.30510255127563785 1.490872241622236
0.3053026513256628 1.4988703263746805
0.30550275137568783 1.5069769130393746
0.30570285142571285 1.5151941028208968
0.30590295147573787 1.5235240511892167
0.3061030515257629 1.5319689696411072
0.3063031515757879 1.5405311275306004
0.30650325162581293 1.5492128539716916
0.30670335167583795 1.5580165398167294
0.306903451725863 1.566944639713852
0.307103551775888 1.5759996742474132
0.307303651825913 1.5851842321650491
0.307503751875938 1.594500972695791
0.307703851925963 1.6039526279634064
0.307903951975988 1.6135420054995704
0.308104052026013 1.6232719908618944
0.308304152076038 1.6331455503617016
0.308504252126063 1.6431657339071488
0.30870435217608805 1.6533356779673478
0.30890445222611307 1.6636586086635337
0.3091045522761381 1.67413784499372
0.3093046523261631 1.6847768021975373
0.30950475237618813 1.69557899526852
0.30970485242621315 1.7065480426213886
0.30990495247623817 1.7176876699222732
0.3101050525262632 1.7290017140906246
0.31030515257628816 1.7404941274815364
0.3105052526263132 1.7521689822583648
0.3107053526763382 1.764030474965631
0.31090545272636316 1.776082931312951
0.3111055527763882 1.7883308111816794
0.3113056528264132 1.8007787138661158
0.3115057528764382 1.8134313835626226
0.31170585292646324 1.8262937151199812
0.31190595297648827 1.8393707600659834
0.3121060530265133 1.852667732925643
0.3123061530765383 1.8661900178477557
0.3125062531265633 1.8799431755573497
0.31270635317658835 1.8939329506531595
0.3129064532266133 1.908165279269852
0.31310655327663833 1.922646297126936
0.31330665332666335 1.9373823479868695
0.3135067533766884 1.9523799925471526
0.31370685342671334 1.9676460177924733
0.31390695347673836 1.9831874468349466
0.3141070535267634 1.9990115492724374
0.3143071535767884 2.0151258520969892
0.3145072536268134 2.0315381511879473
0.31470735367683844 2.0482565234264163
0.31490745372686346 2.0652893394707745
0.3151075537768885 2.082645277235748
0.3153076538269135 2.1003333361203524
0.3155077538769385 2.118362852034216
0.3157078539269635 2.136743513274492
0.3159079539769885 2.1554853773105425
0.31610805402701353 2.174598888537197
0.31630815407703855 2.1940948970625187
0.3165082541270635 2.213984678601344
0.31670835417708854 2.2342799555507735
0.31690845422711356 2.254992919330801
0.3171085542771386 2.2761362540795083
0.3173086543271636 2.2977231617993614
0.3175087543771886 2.319767389059641
0.31770885442721364 2.34228325536846
0.31790895447723866 2.3652856833372726
0.3181090545272637 2.3887902307716726
0.3183091545772887 2.4128131248333173
0.31850925462731366 2.437371298430725
0.3187093546773387 2.4624824290104868
0.3189094547273637 2.48816497993554
0.3191095547773887 2.514438244654209
0.3193096548274137 2.541322393882181
0.3195097548774387 2.5688385260394972
0.31970985492746373 2.597008721208264
0.31990995497748875 2.625856098900546
0.3201100550275138 2.6554048799546526
0.3203101550775388 2.6856804529075293
0.3205102551275638 2.7167094452262273
0.32071035517758884 2.74851979981795
0.32091045522761386 2.7811408572811627
0.3211105552776389 2.8146034444065595
0.32131065532766384 2.8489399694890523
0.32151075537768886 2.8841845250702534
0.3217108554277139 2.920372998796242
0.3219109554777389 2.9575431931483136
0.32211105552776387 2.9957349548866015
0.3223111555777889 3.034990315138384
0.3225112556278139 3.0753536411662092
0.32271135567783893 3.1168718009687693
0.32291145572786395 3.1595943419973276
0.32311155577788897 3.203573685421699
0.323311655827914 3.248865337546314
0.323511755877939 3.2955281201701214
0.32371185592796403 3.3436244218995292
0.32391195597798905 3.3932204726736104
0.324112056028014 3.4443866440400495
0.32431215607803904 3.497197778047042
0.32451225612806406 3.551733547981498
0.324712356178089 3.6080788546120126
0.32491245622811404 3.666324262080899
0.32511255627813906 3.726566478151914
0.3253126563281641 3.7889088841712146
0.3255127563781891 3.8534621208500885
0.3257128564282141 3.920344736852018
0.32591295647823915 3.9896839081828612
0.32611305652826417 4.061616237568528
0.3263131565782892 4.136288644392246
0.3265132566283142 4.213859357390727
0.32671335667833923 4.294499024223423
0.3269134567283642 4.3783919542901595
0.3271135567783892 4.46573751384636
0.32731365682841423 4.556751695643309
0.3275137568784392 4.651668889108037
0.3277138569284642 4.750743881603407
0.32791395697848924 4.854254126744937
0.32811405702851426 4.962502322295809
0.3283141570785393 5.075819348082335
0.3285142571285643 5.194567623983197
0.3287143571785893 5.319144959782188
0.32891445722861434 5.44998898303683
0.32911455727863936 5.587582248812591
0.3293146573286644 5.732458157009072
0.3295147573786894 5.885207830224466
0.32971485742871437 6.046488139120334
0.3299149574787394 6.217031105033648
0.3301150575287644 6.397654963698624
0.3303151575787894 6.589277242834162
0.3305152576288144 6.792930294644959
0.3307153576788394 7.009779838239771
0.33091545772886444 7.241147215158772
0.33111555777888946 7.488536255429914
0.3313156578289145 7.75366590833159
0.3315157578789395 8.038510134479473
0.3317158579289645 8.345347017029694
0.33191595797898954 8.676819677207348
0.33211605802901456 9.036012442460898
0.3323161580790396 9.42654691689577
0.33251625812906455 9.85270429730321
0.33271635817908957 10.319582698906853
0.3329164582291146 10.833301767156557
0.33311655827913955 11.401272031073413
0.3333166583291646 12.032554227770804
0.3335167583791896 12.738345726695714
0.3337168584292146 13.532649789870396
0.33391695847923963 14.433213204612715
0.33411705852926465 15.462866834013882
0.3343171585792897 16.65148666614117
0.3345172586293147 18.038938449918735
0.3347173586793397 19.67963396944919
0.33491745872936474 21.649831334032427
0.3351175587793897 24.059822414206756
0.3353176588294147 27.075303739329406
0.33551775887943974 30.957163592010883
0.33571785892946476 36.14130547699936
0.33591795897948973 43.414980831573324
0.33611805902951475 54.36011438094895
0.33631815907953977 72.6944606029011
0.3365182591295648 109.71281454952722
0.3367183591795898 223.64245633058994
0.33691845922961483 5761.803364728838
0.33711855927963985 207.46249174037075
0.33731865932966487 105.61595093034609
0.3375187593796899 70.83243314873428
0.3377188594297149 53.28007627636018
0.3379189594797399 42.69685768792896
0.3381190595297649 35.61977020849797
0.3383191595797899 30.55416305938482
0.33851925962981494 26.74923724451115
0.3387193596798399 23.78650282921263
0.3389194597298649 21.414242819758478
0.33911955977988995 19.4719638604228
0.33931965982991497 17.85250434814569
0.33951975987994 16.481580996877884
0.339719859929965 15.306077831500966
0.33991995997999 14.287007946499845
0.34012006003001505 13.395108456954068
0.34032016008004007 12.607986763646593
0.3405202601300651 11.908216092965635
0.34072036018009005 11.282031265089447
0.3409204602301151 10.718415002219462
0.3411205602801401 10.208444828028167
0.3413206603301651 9.74481778348816
0.3415207603801901 9.321498928817437
0.3417208604302151 8.933457583366081
0.3419209604802401 8.576466773476358
0.34212106053026514 8.246948895204767
0.34232116058029016 7.9418556268251
0.3425212606303152 7.658573540080459
0.3427213606803402 7.394849215017968
0.3429214607303652 7.148729313227049
0.34312156078039024 6.91851223584799
0.34332166083041527 6.702708835131244
0.34352176088044023 6.500010261275613
0.34372186093046525 6.309261477123123
0.34392196098049027 6.129439308352705
0.3441220610305153 5.959634148183025
0.34432216108054026 5.799034625885411
0.3445222611305653 5.646914693683146
0.3447223611805903 5.502622698378893
0.3449224612306153 5.365572090709402
0.34512256128064034 5.235233493068586
0.34532266133066536 5.1111278994060525
0.3455227613806904 4.992820823153961
0.3457228614307154 4.879917242486343
0.3459229614807404 4.772057218985243
0.34612306153076544 4.668912087321213
0.3463231615807904 4.570181130971716
0.3465232616308154 4.4755886731508765
0.34672336168084045 4.384881523681526
0.34692346173086547 4.297826732013122
0.34712356178089043 4.214209604397521
0.34732366183091545 4.133831949687628
0.3475237618809405 4.056510523585575
0.3477238619309655 3.9820756456318858
0.3479239619809905 3.9103699669671084
0.34812406203101554 3.8412473700303384
0.34832416208104056 3.7745719840035177
0.3485242621310656 3.7102173020405873
0.3487243621810906 3.6480653882131673
0.3489244622311156 3.588006163712703
0.3491245622811406 3.529936763218839
0.3493246623311656 3.47376095351741
0.3495247623811906 3.419388607455621
0.3497248624312156 3.3667352271847752
0.3499249624812406 3.3157215113864877
0.35012506253126563 3.2662729618194737
0.35032516258129065 3.218319525081541
0.35052526263131567 3.1717952659633895
0.3507253626813407 3.1266380691911184
0.3509254627313657 3.082789366720046
0.35112556278139073 3.0401938880620567
0.35132566283141575 2.99879943140821
0.3515257628814408 2.9585566535536474
0.3517258629314658 2.919418876846944
0.3519259629814908 2.8813419115759875
0.35212606303151583 2.8442838923690736
0.35232616308154074 2.8082051273378164
0.35252626313156576 2.7730679588188285
0.3527263631815908 2.7388366346874102
0.3529264632316158 2.705477189317683
0.3531265632816408 2.6729573333567176
0.35332666333166585 2.641246351560418
0.35352676338169087 2.610315008011318
0.3537268634317159 2.5801354581034754
0.3539269634817409 2.550681166737793
0.35412706353176593 2.521926832221798
0.35432716358179095 2.4938483154157307
0.35452726363181597 2.4664225737076046
0.354727363681841 2.439627599437245
0.3549274637318659 2.4134423624240338
0.3551275637818909 2.387846756282263
0.35532766383191594 2.362821548236392
0.35552776388194096 2.3383483321727287
0.355727863931966 2.314409484686504
0.355927963981991 2.290988123904174
0.356128064032016 2.2680680708778502
0.35632816408204104 2.245633813367291
0.35652826413206606 2.2236704718382243
0.3567283641820911 2.2021637675206396
0.3569284642321161 2.1810999923828964
0.3571285642821411 2.160465980889014
0.35732866433216615 2.1402490834165544
0.35752876438219117 2.120437141222464
0.3577288644322161 2.101018462852782
0.3579289644822411 2.0819818018997522
0.3581290645322661 2.063316336017682
0.35832916458229114 2.0450116471149773
0.35852926463231616 2.027057702646324
0.3587293646823412 2.0094448379342422
0.3589294647323662 1.9921637394546985
0.3591295647823912 1.9752054290257857
0.35932966483241624 1.9585612488432902
0.35952976488244126 1.942222847310501
0.3597298649324663 1.926182165613614
0.3599299649824913 1.9104314249972931
0.3601300650325163 1.8949631146982904
0.36033016508254134 1.8797699804975068
0.36053026513256625 1.8648450138541481
0.3607303651825913 1.8501814415874278
0.3609304652326163 1.8357727160741675
0.3611305652826413 1.8216125059321848
0.36133066533266633 1.8076946871618784
0.36153076538269135 1.7940133347197083
0.3617308654327164 1.7805627144993479
0.3619309654827414 1.767337275697591
0.3621310655327664 1.7543316435437475
0.36233116558279144 1.7415406123723773
0.36253126563281646 1.7289591390206775
0.3627313656828415 1.716582336532902
0.3629314657328665 1.7044054681552416
0.3631315657828915 1.6924239416056488
0.36333166583291643 1.6806333036041852
0.36353176588294145 1.6690292346498177
0.36373186593296647 1.6576075440313407
0.3639319659829915 1.6463641650596714
0.3641320660330165 1.635295150510659
0.36433216608304153 1.6243966682673274
0.36453226613306655 1.6136649971515
0.36473236618309157 1.6030965229354464
0.3649324662331166 1.592687734524251
0.3651325662831416 1.5824352203007521
0.36533266633316663 1.5723356646247477
0.36553276638319165 1.5623858444791507
0.3657328664332167 1.5525826262557931
0.3659329664832417 1.5429229626742316
0.3661330665332666 1.5334038898271463
0.3663331665832916 1.5240225243462857
0.36653326663331665 1.5147760606832912
0.36673336668334167 1.5056617684999951
0.3669334667333667 1.4966769901631243
0.3671335667833917 1.4878191383384012
0.3673336668334167 1.4790856936797683
0.36753376688344175 1.4704742026090423
0.36773386693346677 1.4619822751822038
0.3679339669834918 1.4536075830381303
0.3681340670335168 1.445347857426306
0.36833416708354183 1.4372008873098416
0.36853426713356685 1.4291645175405163
0.36873436718359187 1.4212366471026965
0.3689344672336168 1.4134152274230503
0.3691345672836418 1.4056982607432653
0.3693346673336668 1.3980837985530534
0.36953476738369184 1.3905699400807434
0.36973486743371686 1.3831548308391488
0.3699349674837419 1.375836661224302
0.3701350675337669 1.3686136651647551
0.3703351675837919 1.3614841188194988
0.37053526763381694 1.3544463393222657
0.37073536768384197 1.347498683570515
0.370935467733867 1.3406395470570365
0.371135567783892 1.333867362742638
0.371335667833917 1.3271805999680857
0.37153576788394205 1.3205777634037887
0.37173586793396696 1.314057392035702
0.371935967983992 1.3076180581859769
0.372136068034017 1.3012583665669937
0.372336168084042 1.29497695336746
0.37253626813406704 1.2887724853692997
0.37273636818409206 1.282643659094118
0.3729364682341171 1.2765891999781502
0.3731365682841421 1.2706078615745122
0.3733366683341671 1.2646984247817654
0.37353676838419214 1.2588596970977706
0.37373686843421716 1.2530905118978355
0.3739369684842422 1.2473897277363049
0.3741370685342672 1.241756227670652
0.3743371685842922 1.2361889186072466
0.37453726863431713 1.230686730668003
0.37473736868434215 1.2252486165771432
0.3749374687343672 1.2198735510672791
0.3751375687843922 1.214560530304192
0.3753376688344172 1.209308571329542
0.37553776888444224 1.2041167115209177
0.37573786893446726 1.1989840080685765
0.3759379689844923 1.1939095374682873
0.3761380690345173 1.1888923950296477
0.3763381690845423 1.1839316943994438
0.37653826913456734 1.179026567099385
0.37673836918459236 1.1741761620777993
0.3769384692346174 1.1693796452747753
0.3771385692846424 1.1646361992002496
0.3773386693346673 1.1599450225246584
0.37753876938469233 1.1553053296816664
0.37773886943471735 1.1507163504825508
0.37793896948474237 1.1461773297419293
0.3781390695347674 1.1416875269142952
0.3783391695847924 1.1372462157411665
0.37853926963481743 1.1328526839083612
0.37873936968484245 1.1285062327130915
0.3789394697348675 1.1242061767406346
0.3791395697848925 1.1199518435501135
0.3793396698349175 1.1157425733692048
0.37953976988494253 1.1115777187974398
0.37973986993496756 1.1074566445178153
0.37993996998499246 1.1033787270164428
0.3801400700350175 1.0993433543099738
0.3803401700850425 1.095349925680586
0.3805402701350675 1.0913978514182268
0.38074037018509255 1.0874865525699227
0.38094047023511757 1.083615460695928
0.3811405702851426 1.0797840176324796
0.3813406703351676 1.0759916752609706
0.38154077038519263 1.072237895283317
0.38174087043521765 1.0685221490033383
0.38194097048524267 1.0648439171139696
0.3821410705352677 1.0612026894901174
0.3823411705852927 1.0575979649869753
0.38254127063531773 1.054029251243658
0.38274137068534264 1.0504960644919668
0.38294147073536766 1.0469979293701213
0.3831415707853927 1.0435343787413751
0.3833416708354177 1.040104953517254
0.3835417708854427 1.0367092024853957
0.38374187093546774 1.0333466821417645
0.38394197098549276 1.0300169565271464
0.3841420710355178 1.026719597067836
0.3843421710855428 1.0234541824202983
0.3845422711355678 1.0202202983197686
0.38474237118559285 1.017017537432653
0.38494247123561787 1.0138454992126087
0.3851425712856429 1.0107037897601994
0.3853426713356679 1.0075920216860272
0.3855427713856928 1.0045098139772364
0.38574287143571784 1.0014567918673098
0.38594297148574286 0.9984325867090358
0.3861430715357679 0.995436835850561
0.3863431715857929 0.9924691825144794
0.3865432716358179 0.9895292756798129
0.38674337168584294 0.9866167699668432
0.38694347173586796 0.9837313255247062
0.387143571785893 0.980872607921666
0.387343671835918 0.9780402880379887
0.387543771885943 0.9752340419613742
0.38774387193596804 0.9724535508848261
0.38794397198599306 0.9696985010069514
0.3881440720360181 0.9669685834345529
0.388344172086043 0.9642634940875386
0.388544272136068 0.9615829336060001
0.38874437218609303 0.9589266072594564
0.38894447223611806 0.9562942248581919
0.3891445722861431 0.953685500666618
0.3893446723361681 0.9511001533186114
0.3895447723861931 0.9485379057348038
0.38974487243621814 0.9459984850417171
0.38994497248624316 0.9434816224927521
0.3901450725362682 0.9409870533909317
0.3903451725862932 0.9385145170133917
0.3905452726363182 0.9360637565375588
0.39074537268634324 0.9336345189689632
0.39094547273636826 0.9312265550706528
0.39114557278639317 0.928839619294183
0.3913456728364182 0.9264734697120849
0.3915457728864432 0.924127867951869
0.39174587293646823 0.9218025791314225
0.39194597298649325 0.91949737179584
0.3921460730365183 0.9172120178556127
0.3923461730865433 0.9149462925261591
0.3925462731365683 0.9126999742686499
0.39274637318659333 0.9104728447321057
0.39294647323661835 0.9082646886967383
0.3931465732866434 0.9060752940184839
0.3933466733366684 0.903904451574729
0.3935467733866934 0.9017519552111725
0.39374687343671844 0.8996176016898113
0.39394697348674335 0.8975011906380166
0.39414707353676837 0.8954025244986709
0.3943471735867934 0.8933214084813578
0.3945472736368184 0.8912576505145553
0.39474737368684343 0.889211061198809
0.39494747373686845 0.887181453760892
0.39514757378689347 0.8851686440088946
0.3953476738369185 0.8831724502882332
0.3955477738869435 0.8811926934385572
0.39574787393696853 0.8792291967515372
0.39594797398699355 0.8772817859295086
0.39614807403701857 0.8753502890449387
0.3963481740870436 0.8734345365007259
0.3965482741370686 0.8715343609912851
0.3967483741870935 0.8696495974644204
0.39694847423711854 0.8677800830839327
0.39714857428714356 0.865925657193008
0.3973486743371686 0.8640861612783001
0.3975487743871936 0.86226143893474
0.3977488744372186 0.8604513358310114
0.39794897448724365 0.8586556996757422
0.39814907453726867 0.8568743801843145
0.3983491745872937 0.8551072290463552
0.3985492746373187 0.8533540998938319
0.3987493746873437 0.8516148482697818
0.39894947473736875 0.8498893315976354
0.39914957478739377 0.8481774091511296
0.3993496748374188 0.8464789420247987
0.3995497748874437 0.8447937931050353
0.3997498749374687 0.8431218270416809
0.39994997498749374 0.8414629102201832
0.40015007503751876 0.8398169107342582
0.4003501750875438 0.8381836983590732
0.4005502751375688 0.8365631445249372
0.4007503751875938 0.8349551222914844
0.40095047523761884 0.8333595063223282
0.40115057528764386 0.8317761728602011
0.4013506753376689 0.8302049997025492
0.4015507753876939 0.8286458661775695
0.4017508754377189 0.8270986531207066
0.40195097548774394 0.8255632428515687
0.40215107553776885 0.824039519151267
0.4023511755877939 0.8225273672401655
0.4025512756378189 0.8210266737560564
0.4027513756878439 0.8195373267326957
0.40295147573786894 0.8180592155787638
0.40315157578789396 0.8165922310571806
0.403351675837919 0.8151362652647987
0.403551775887944 0.8136912116124696
0.403751875937969 0.8122569648054501
0.40395197598799404 0.8108334208241711
0.40415207603801906 0.8094204769053427
0.4043521760880441 0.8080180315233938
0.4045522761380691 0.8066259843722342
0.4047523761880941 0.8052442363473512
0.40495247623811903 0.8038726895282099
0.40515257628814405 0.8025112471609568
0.40535267633816907 0.8011598136414344
0.4055527763881941 0.7998182944984975
0.4057528764382191 0.7984865963775974
0.40595297648824413 0.7971646270246656
0.40615307653826915 0.7958522952702746
0.4063531765882942 0.7945495110140667
0.4065532766383192 0.7932561852094498
0.4067533766883442 0.7919722298485536
0.40695347673836924 0.790697557947452
0.40715357678839426 0.7894320835316162
0.4073536768384193 0.7881757216216373
0.4075537768884443 0.7869283882191779
0.4077538769384692 0.785690000293154
0.4079539769884942 0.784460475766166
0.40815407703851925 0.7832397335011406
0.40835417708854427 0.7820276932882095
0.4085542771385693 0.7808242758317909
0.4087543771885943 0.779629402737903
0.40895447723861933 0.7784429965016706
0.40915457728864435 0.7772649804950553
0.40935467733866937 0.7760952789547657
0.4095547773886944 0.7749338169703939
0.4097548774387194 0.7737805204727201
0.40995497748874443 0.7726353162222199
0.41015507753876945 0.7714981317977664
0.4103551775887945 0.770368895585498
0.4105552776388194 0.7692475367678797
0.4107553776888444 0.7681339853129349
0.4109554777388694 0.767028171963658
0.41115557778889444 0.7659300282275854
0.41135567783891946 0.7648394863665424
0.4115557778889445 0.7637564793865508
0.4117558779389695 0.7626809410279
0.4119559779889945 0.7616128057553705
0.41215607803901955 0.7605520087486155
0.41235617808904457 0.7594984858926975
0.4125562781390696 0.7584521737687678
0.4127563781890946 0.7574130096448942
0.41295647823911963 0.7563809314670376
0.41315657828914465 0.7553558778501615
0.41335667833916956 0.7543377880694909
0.4135567783891946 0.7533266020518916
0.4137568784392196 0.7523222603673998
0.4139569784892446 0.7513247042208734
0.41415707853926964 0.75033387544377
0.41435717858929466 0.749349716486058
0.4145572786393197 0.7483721704082529
0.4147573786893447 0.747401180873565
0.4149574787393697 0.7464366921401746
0.41515757878939474 0.745478649053631
0.41535767883941976 0.744526997039352
0.4155577788894448 0.743581682095245
0.4157578789394698 0.7426426507844501
0.4159579789894948 0.7417098502281687
0.41615807903951973 0.7407832280986208
0.41635817908954476 0.739862732612097
0.4165582791395698 0.7389483125221216
0.4167583791895948 0.738039917112714
0.4169584792396198 0.737137496191743
0.41715857928964484 0.7362410000843971
0.41735867933966986 0.7353503796267359
0.4175587793896949 0.7344655861593435
0.4177588794397199 0.7335865715210756
0.4179589794897449 0.7327132880428961
0.41815907953976994 0.7318456885418065
0.41835917958979496 0.7309837263148616
0.41855927963982 0.730127355133273
0.418759379689845 0.7292765292366052
0.4189594797398699 0.7284312033270429
0.41915957978989493 0.7275913325637524
0.41935967983991995 0.72675687255732
0.419559779889945 0.7259277793642711
0.41975987993997 0.7251040094816693
0.419959979989995 0.7242855198417902
0.42016008004002003 0.7234722678068748
0.42036018009004505 0.7226642111639549
0.4205602801400701 0.7218613081197569
0.4207603801900951 0.7210635172956682
0.4209604802401201 0.7202707977227912
0.42116058029014514 0.7194831088370449
0.42136068034017016 0.7187004104743638
0.4215607803901952 0.7179226628659311
0.4217608804402201 0.7171498266335131
0.4219609804902451 0.7163818627848326
0.42216108054027013 0.7156187327090203
0.42236118059029515 0.7148603981721261
0.42256128064032017 0.714106821312691
0.4227613806903452 0.7133579646373854
0.4229614807403702 0.7126137910167029
0.42316158079039523 0.7118742636807188
0.42336168084042025 0.711139346214898
0.42356178089044527 0.7104090025559728
0.4237618809404703 0.7096831969878649
0.4239619809904953 0.7089618941376774
0.42416208104052033 0.7082450589717245
0.42436218109054535 0.707532656791631
0.42456228114057026 0.7068246532304754
0.4247623811905953 0.7061210142489868
0.4249624812406203 0.705421706131799
0.4251625812906453 0.7047266954837462
0.42536268134067035 0.7040359492262173
0.42556278139069537 0.7033494345935506
0.4257628814407204 0.7026671191294864
0.4259629814907454 0.7019889706836613
0.4261630815407704 0.7013149574081448
0.42636318159079545 0.700645047754035
0.42656328164082047 0.6999792104680883
0.4267633816908455 0.6993174145893994
0.4269634817408705 0.698659629446121
0.4271635817908954 0.6980058246522324
0.42736368184092044 0.6973559701043458
0.42756378189094546 0.6967100359785576
0.4277638819409705 0.6960679927273403
0.4279639819909955 0.695429811076475
0.4281640820410205 0.694795462022021
0.42836418209104554 0.6941649168273327
0.42856428214107056 0.6935381470201056
0.4287643821910956 0.6929151243894734
0.4289644822411206 0.6922958209831223
0.4291645822911456 0.6916802091044687
0.42936468234117064 0.6910682613098513
0.42956478239119567 0.6904599504057716
0.4297648824412207 0.6898552494461638
0.4299649824912456 0.6892541317297051
0.4301650825412706 0.6886565707971557
0.43036518259129564 0.6880625404287362
0.43056528264132066 0.6874720146415348
0.4307653826913457 0.6868849676869525
0.4309654827413707 0.686301374048173
0.4311655827913957 0.6857212084376764
0.43136568284142074 0.6851444457947705
0.43156578289144576 0.6845710612831671
0.4317658829414708 0.6840010302885751
0.4319659829914958 0.683434328416335
0.4321660830415208 0.6828709314890791
0.43236618309154584 0.6823108155444167
0.43256628314157086 0.6817539568326599
0.43276638319159577 0.6812003318145587
0.4329664832416208 0.6806499171590867
0.4331665832916458 0.6801026897412378
0.43336668334167083 0.6795586266398553
0.43356678339169585 0.6790177051354908
0.4337668834417209 0.6784799027082874
0.4339669834917459 0.6779451970358833
0.4341670835417709 0.6774135659913506
0.43436718359179594 0.6768849876411591
0.43456728364182096 0.6763594402431516
0.434767383691846 0.6758369022445627
0.434967483741871 0.675317352280047
0.435167583791896 0.6748007691697376
0.43536768384192104 0.6742871319173316
0.43556778389194595 0.67377641970819
0.43576788394197097 0.6732686119074688
0.435967983991996 0.6727636880582656
0.436168084042021 0.6722616278797954
0.43636818409204603 0.6717624112655856
0.43656828414207105 0.67126601828169
0.43676838419209607 0.6707724291649256
0.4369684842421211 0.670281624321136
0.4371685842921461 0.6697935843234676
0.43736868434217113 0.6693082899106705
0.43756878439219615 0.6688257219854177
0.4377688844422212 0.668345861612648
0.4379689844922462 0.6678686900179225
0.4381690845422712 0.6673941885858072
0.4383691845922961 0.6669223388582726
0.43856928464232114 0.666453122533105
0.43876938469234616 0.6659865214623493
0.4389694847423712 0.6655225176507594
0.4391695847923962 0.6650610932542714
0.4393696848424212 0.6646022305784985
0.43956978489244625 0.6641459120772312
0.43976988494247127 0.6636921203509687
0.4399699849924963 0.6632408381454601
0.4401700850425213 0.6627920483502627
0.44037018509254633 0.6623457339973233
0.44057028514257135 0.6619018782595614
0.44077038519259637 0.6614604644494868
0.4409704852426214 0.6610214760178238
0.4411705852926463 0.660584896552147
0.4413706853426713 0.6601507097755451
0.44157078539269634 0.659718899545283
0.44177088544272136 0.6592894498515027
0.4419709854927464 0.6588623448159128
0.4421710855427714 0.6584375686905118
0.4423711855927964 0.65801510585632
0.44257128564282144 0.6575949408221223
0.44277138569284646 0.6571770582232318
0.4429714857428715 0.6567614428202636
0.4431715857928965 0.6563480794979221
0.4433716858429215 0.6559369532638009
0.44357178589294655 0.655528049247204
0.44377188594297157 0.6551213526979709
0.4439719859929965 0.6547168489853149
0.4441720860430215 0.6543145235966875
0.4443721860930465 0.6539143621366378
0.44457228614307154 0.6535163503256967
0.44477238619309656 0.6531204739992685
0.4449724862431216 0.6527267191065371
0.4451725862931466 0.6523350717093844
0.4453726863431716 0.6519455179813181
0.44557278639319664 0.6515580442064103
0.44577288644322166 0.6511726367782577
0.4459729864932467 0.6507892821989401
0.4461730865432717 0.6504079670779997
0.4463731865932967 0.6500286781314266
0.44657328664332174 0.6496514021806585
0.44677338669334665 0.649276126151589
0.4469734867433717 0.6489028370735876
0.4471735867933967 0.6485315220785347
0.4473736868434217 0.6481621683998573
0.44757378689344673 0.6477947633715867
0.44777388694347176 0.6474292944274134
0.4479739869934968 0.6470657490997686
0.4481740870435218 0.6467041150189006
0.4483741870935468 0.6463443799119707
0.44857428714357184 0.6459865316021532
0.44877438719359686 0.6456305580077479
0.4489744872436219 0.6452764471413043
0.4491745872936469 0.644924187108746
0.4493746873436719 0.6445737661085233
0.44957478739369683 0.6442251724307472
0.44977488744372185 0.6438783944563622
0.44997498749374687 0.6435334206563047
0.4501750875437719 0.6431902395906851
0.4503751875937969 0.6428488399079697
0.45057528764382193 0.6425092103441765
0.45077538769384695 0.6421713397220776
0.45097548774387197 0.6418352169504119
0.451175587793897 0.6415008310230986
0.451375687843922 0.6411681710184733
0.45157578789394703 0.6408372260985171
0.45177588794397205 0.6405079855081055
0.4519759879939971 0.6401804385742544
0.452176088044022 0.6398545747053876
0.452376188094047 0.6395303833905955
0.452576288144072 0.6392078541989189
0.45277638819409705 0.638886976778624
0.45297648824412207 0.6385677408564983
0.4531765882941471 0.6382501362371453
0.4533766883441721 0.6379341528022914
0.45357678839419713 0.6376197805100947
0.45377688844422215 0.6373070093944699
0.45397698849424717 0.6369958295644076
0.4541770885442722 0.636686231203314
0.4543771885942972 0.636378204568349
0.45457728864432223 0.6360717399897697
0.45477738869434725 0.6357668278702888
0.45497748874437216 0.6354634586844354
0.4551775887943972 0.6351616229779167
0.4553776888444222 0.6348613113669958
0.4555777888944472 0.634562514537872
0.45577788894447224 0.6342652232460628
0.45597798899449726 0.633969428315803
0.4561780890445223 0.633675120639435
0.4563781890945473 0.6333822911768212
0.4565782891445723 0.63309093095475
0.45677838919459735 0.6328010310663559
0.45697848924462237 0.6325125826705382
0.4571785892946474 0.632225576991395
0.4573786893446724 0.6319400053176534
0.4575787893946974 0.6316558590021095
0.45777888944472234 0.6313731294610783
0.45797898949474736 0.631091808173836
0.4581790895447724 0.6308118866820902
0.4583791895947974 0.6305333565894309
0.4585792896448224 0.6302562095608012
0.45877938969484744 0.6299804373219718
0.45897948974487246 0.6297060316590196
0.4591795897948975 0.629432984417809
0.4593796898449225 0.6291612875034793
0.4595797898949475 0.6288909328799454
0.45977988994497254 0.6286219125693848
0.45997998999499756 0.6283542186517521
0.4601800900450226 0.6280878432642832
0.4603801900950476 0.6278227786010077
0.4605802901450725 0.627559016912267
0.46078039019509753 0.6272965505042424
0.46098049024512255 0.6270353717384728
0.4611805902951476 0.6267754730313992
0.4613806903451726 0.6265168468538911
0.4615807903951976 0.6262594857307947
0.46178089044522264 0.6260033822404736
0.46198099049524766 0.6257485290143667
0.4621810905452727 0.6254949187365324
0.4623811905952977 0.6252425441432169
0.4625812906453227 0.6249913980224141
0.46278139069534774 0.6247414732134315
0.46298149074537276 0.624492762606466
0.4631815907953978 0.624245259142176
0.4633816908454227 0.6239989558112621
0.4635817908954477 0.6237538456540564
0.46378189094547273 0.6235099217601033
0.46398199099549775 0.6232671772677537
0.46418209104552277 0.6230256053637663
0.4643821910955478 0.6227851992829008
0.4645822911455728 0.6225459523075245
0.46478239119559783 0.6223078577672208
0.46498249124562285 0.6220709090383976
0.4651825912956479 0.621835099543906
0.4653826913456729 0.6216004227526578
0.4655827913956979 0.6213668721792458
0.46578289144572294 0.6211344413835717
0.46598299149574796 0.620903123970475
0.46618309154577287 0.6206729135893683
0.4663831915957979 0.6204438039338704
0.4665832916458229 0.6202157887414469
0.4667833916958479 0.6199888617930552
0.46698349174587295 0.6197630169127911
0.46718359179589797 0.6195382479675381
0.467383691845923 0.6193145488666217
0.467583791895948 0.6190919135614634
0.46778389194597303 0.618870336045242
0.46798399199599805 0.6186498103525617
0.46818409204602307 0.6184303305591095
0.4683841920960481 0.6182118907813292
0.4685842921460731 0.6179944851760957
0.46878439219609813 0.6177781079403876
0.46898449224612304 0.6175627533109663
0.46918459229614806 0.6173484155640566
0.4693846923461731 0.6171350890150333
0.4695847923961981 0.6169227680181086
0.4697848924462231 0.6167114469660204
0.46998499249624814 0.6165011202897269
0.47018509254627316 0.6162917824581017
0.4703851925962982 0.6160834279776352
0.4705852926463232 0.6158760513921313
0.4707853926963482 0.615669647282419
0.47098549274637325 0.6154642102660504
0.47118559279639827 0.6152597349970197
0.4713856928464233 0.6150562161654702
0.4715857928964483 0.614853648497408
0.4717858929464732 0.6146520267544275
0.47198599299649824 0.6144513457334219
0.47218609304652326 0.6142516002663128
0.4723861930965483 0.6140527852197734
0.4725862931465733 0.613854895494957
0.4727863931965983 0.6136579260272252
0.47298649324662334 0.6134618717858863
0.47318659329664836 0.6132667277739208
0.4733866933466734 0.6130724890277311
0.4735867933966984 0.6128791506168708
0.4737868934467234 0.612686707643795
0.47398699349674844 0.6124951552435993
0.47418709354677346 0.6123044885837697
0.4743871935967984 0.6121147028639349
0.4745872936468234 0.6119257933156097
0.4747873936968484 0.6117377552019554
0.47498749374687343 0.6115505838175361
0.47518759379689846 0.6113642744880715
0.4753876938469235 0.6111788225702027
0.4755877938969485 0.6109942234512517
0.4757878939469735 0.6108104725489886
0.47598799399699854 0.6106275653113947
0.47618809404702356 0.6104454972164346
0.4763881940970486 0.6102642637718264
0.4765882941470736 0.6100838605148109
0.4767883941970986 0.6099042830119347
0.47698849424712364 0.6097255268588189
0.47718859429714855 0.609547587679943
0.47738869434717357 0.6093704611284226
0.4775887943971986 0.609194142885795
0.4777888944472236 0.609018628661803
0.47798899449724863 0.608843914194181
0.47818909454727365 0.6086699952484431
0.4783891945972987 0.6084968676176755
0.4785892946473237 0.6083245271223283
0.4787893946973487 0.6081529696100061
0.47898949474737373 0.607982190955268
0.47918959479739875 0.6078121870594247
0.4793896948474238 0.6076429538503385
0.4795897948974488 0.6074744872822181
0.4797898949474738 0.6073067833354312
0.4799899949974987 0.6071398380163034
0.48019009504752375 0.6069736473569245
0.48039019509754877 0.6068082074149597
0.4805902951475738 0.6066435142734562
0.4807903951975988 0.6064795640406562
0.48099049524762383 0.6063163528498083
0.48119059529764885 0.6061538768589865
0.48139069534767387 0.6059921322508999
0.4815907953976989 0.6058311152327165
0.4817908954477239 0.6056708220358775
0.48199099549774893 0.6055112489159248
0.48219109554777395 0.6053523921523147
0.48239119559779897 0.6051942480482507
0.482591295647824 0.6050368129305029
0.4827913956978489 0.6048800831492395
0.4829914957478739 0.6047240550778517
0.48319159579789894 0.6045687251127845
0.48339169584792396 0.6044140896733715
0.483591795897949 0.6042601452016628
0.483791895947974 0.6041068881622629
0.483991995997999 0.6039543150421665
0.48419209604802405 0.6038024223505915
0.48439219609804907 0.6036512066188237
0.4845922961480741 0.6035006644000522
0.4847923961980991 0.603350792269212
0.4849924962481241 0.6032015868228278
0.48519259629814915 0.6030530446788566
0.48539269634817417 0.6029051624765319
0.4855927963981991 0.6027579368762146
0.4857928964482241 0.6026113645592363
0.4859929964982491 0.6024654422277503
0.48619309654827414 0.6023201666045831
0.48639319659829916 0.6021755344330857
0.4865932966483242 0.6020315424769832
0.4867933966983492 0.601888187520235
0.4869934967483742 0.6017454663668859
0.48719359679839924 0.6016033758409249
0.48739369684842426 0.6014619127861396
0.4875937968984493 0.6013210740659826
0.4877938969484743 0.6011808565634222
0.4879939969984993 0.6010412571808116
0.48819409704852434 0.6009022728397481
0.48839419709854925 0.6007639004809365
0.4885942971485743 0.6006261370640562
0.4887943971985993 0.6004889795676234
0.4889944972486243 0.6003524249888634
0.48919459729864934 0.600216470343576
0.48939469734867436 0.6000811126660013
0.4895947973986994 0.5999463490086977
0.4897948974487244 0.5998121764424067
0.4899949974987494 0.5996785920559297
0.49019509754877444 0.5995455929560003
0.49039519759879946 0.5994131762671566
0.4905952976488245 0.5992813391316207
0.4907953976988495 0.5991500787091737
0.4909954977488745 0.5990193921770319
0.49119559779889943 0.5988892767297294
0.49139569784892445 0.5987597295789937
0.49159579789894947 0.5986307479536289
0.4917958979489745 0.598502329099396
0.4919959979989995 0.5983744702788977
0.49219609804902453 0.598247168771461
0.49239619809904955 0.5981204218730193
0.4925962981490746 0.5979942268960023
0.4927963981990996 0.5978685811692196
0.4929964982491246 0.5977434820377496
0.49319659829914964 0.5976189268628264
0.49339669834917466 0.5974949130217294
0.4935967983991997 0.5973714379076754
0.4937968984492247 0.5972484989297066
0.4939969984992496 0.5971260935125859
0.4941970985492746 0.5970042190966864
0.49439719859929965 0.596882873137887
0.49459729864932467 0.5967620531074671
0.4947973986993497 0.5966417564920016
0.4949974987493747 0.5965219807932556
0.49519759879939973 0.5964027235280868
0.49539769884942475 0.5962839822283348
0.49559779889944977 0.5961657544407272
0.4957978989494748 0.5960480377267774
0.4959979989994998 0.5959308296626844
0.49619809904952483 0.5958141278392322
0.49639819909954985 0.5956979298616951
0.4965982991495749 0.5955822333497383
0.4967983991995998 0.5954670359373222
0.4969984992496248 0.5953523352726071
0.4971985992996498 0.5952381290178598
0.49739869934967484 0.5951244148493536
0.49759879939969986 0.5950111904572813
0.4977988994497249 0.5948984535456623
0.4979989994997499 0.5947862018322443
0.4981990995497749 0.594674433048422
0.49839919959979995 0.594563144939137
0.49859929964982497 0.5944523352627944
0.49879939969985 0.5943420017911725
0.498999499749875 0.5942321423093327
0.49919959979990003 0.5941227546155354
0.49939969984992494 0.5940138365211489
0.49959979989994996 0.5939053858505666
0.499799899949975 0.5937974004411207
0.5 0.5936898781429971
