0.1 -0.3367484151430908
0.10080160320641283 -0.3547228854310433
0.10160320641282565 -0.3694449886955163
0.10240480961923848 -0.3799301451035283
0.10320641282565131 -0.38525589851556064
0.10400801603206414 -0.3849571365556526
0.10480961923847695 -0.3793218519803903
0.10561122244488978 -0.3692681525968496
0.10641282565130261 -0.355929059052574
0.10721442885771544 -0.3403190599046591
0.10801603206412826 -0.3232168746908283
0.10881763527054109 -0.3051814830547675
0.10961923847695391 -0.28660762129544193
0.11042084168336674 -0.2677784485387014
0.11122244488977956 -0.24890540250595844
0.11202404809619239 -0.23015667756919025
0.11282565130260522 -0.21167808212483977
0.11362725450901805 -0.19360974565483485
0.11442885771543086 -0.17610151405102217
0.11523046092184369 -0.15932943500100757
0.11603206412825652 -0.14351537176982987
0.11683366733466935 -0.1289508188434971
0.11763527054108217 -0.11602270498911484
0.118436873747495 -0.10523001162373015
0.11923847695390782 -0.09716271592730295
0.12004008016032064 -0.09239997216819353
0.12084168336673347 -0.09131684576817234
0.1216432865731463 -0.09389879305483251
0.12244488977955913 -0.09972648934043989
0.12324649298597196 -0.1081509220398755
0.12404809619238477 -0.11850396829253712
0.1248496993987976 -0.13022023859672566
0.12565130260521043 -0.1428668715840105
0.12645290581162325 -0.1561271603633411
0.1272545090180361 -0.1697723890161156
0.1280561122244489 -0.18363634178583751
0.12885771543086172 -0.19759593124826688
0.12965931863727456 -0.21155739913672983
0.13046092184368738 -0.2254466628788099
0.13126252505010022 -0.23920250690892364
0.13206412825651304 -0.2527716465659906
0.13286573146292585 -0.2661049845612208
0.13366733466933867 -0.2791545921143727
0.1344689378757515 -0.29187109093539787
0.13527054108216433 -0.30420121094252733
0.13607214428857717 -0.3160853743760841
0.13687374749498998 -0.3274552320723736
0.1376753507014028 -0.33823117741357156
0.13847695390781564 -0.3483200188126237
0.13927855711422846 -0.3576132364287336
0.1400801603206413 -0.3659866025198617
0.14088176352705412 -0.3733023648224648
0.14168336673346693 -0.37941548868849184
0.14248496993987977 -0.3841852109709858
0.1432865731462926 -0.38749183238826485
0.14408817635270543 -0.3892561022163905
0.14488977955911825 -0.3894557455364664
0.14569138276553106 -0.3881328876898142
0.14649298597194388 -0.38538899168891644
0.14729458917835672 -0.38136917567549233
0.14809619238476954 -0.3762417997917374
0.14889779559118238 -0.37017956464748863
0.1496993987975952 -0.36334583558235717
0.150501002004008 -0.35588691115299725
0.15130260521042085 -0.3479290970510048
0.15210420841683367 -0.3395788985261394
0.1529058116232465 -0.3309248667735815
0.15370741482965933 -0.32204009802258293
0.15450901803607214 -0.3129848057240325
0.15531062124248496 -0.303808681175327
0.1561122244488978 -0.2945529348957328
0.15691382765531062 -0.28525200505554005
0.15771543086172346 -0.27593496278382473
0.15851703406813628 -0.26662666000663354
0.1593186372745491 -0.2573486675026108
0.16012024048096193 -0.24812004686746392
0.16092184368737475 -0.2389579940835638
0.1617234468937876 -0.22987838631150756
0.1625250501002004 -0.22089625816675793
0.16332665330661322 -0.21202622935379517
0.16412825651302604 -0.20328290207667896
0.16492985971943888 -0.1946812439684571
0.16573146292585172 -0.18623697015569896
0.16653306613226454 -0.17796693619970635
0.16733466933867736 -0.16988955164770117
0.16813627254509017 -0.1620252212449539
0.168937875751503 -0.15439681674492942
0.16973947895791586 -0.1470301756301258
0.17054108216432867 -0.13995461246095262
0.1713426853707415 -0.1332034121660922
0.1721442885771543 -0.1268142504190636
0.17294589178356715 -0.12082945299524654
0.17374749498997996 -0.11529596464093947
0.1745490981963928 -0.11026485462918122
0.17535070140280562 -0.10579015594811825
0.17615230460921844 -0.1019268449923403
0.17695390781563125 -0.0987278549120563
0.1777555110220441 -0.09624020844366887
0.17855711422845694 -0.09450064795234063
0.17935871743486975 -0.09353145367444247
0.18016032064128257 -0.09333732683281794
0.18096192384769538 -0.09390412065658939
0.18176352705410823 -0.09519979159540917
0.18256513026052104 -0.09717736029944099
0.18336673346693388 -0.09977917646975859
0.1841683366733467 -0.1029415776945303
0.18496993987975952 -0.10659914722824063
0.18577154308617233 -0.11068808130676261
0.18657314629258517 -0.11514850497737397
0.18737474949899802 -0.11992581564105838
0.18817635270541083 -0.12497125581424261
0.18897795591182365 -0.13024194459385788
0.18977955911823646 -0.13570057082516035
0.1905811623246493 -0.14131490352525347
0.19138276553106215 -0.1470572270348275
0.19218436873747496 -0.1529037687447622
0.19298597194388778 -0.1588341582313829
0.1937875751503006 -0.1648309370983565
0.19458917835671344 -0.17087912656515472
0.19539078156312625 -0.17696585268427367
0.1961923847695391 -0.18308002526120756
0.1969939879759519 -0.189212064824332
0.19779559118236473 -0.19535367148966706
0.19859719438877754 -0.2014976297361114
0.19939879759519039 -0.20763764361144443
0.20020040080160323 -0.21376819752681095
0.20100200400801604 -0.21988443845665429
0.20180360721442886 -0.2259820759815524
0.20260521042084167 -0.23205729716813367
0.20340681362725452 -0.23810669376396348
0.20420841683366733 -0.2441271995960225
0.20501002004008018 -0.25011603640670677
0.205811623246493 -0.2560706666475804
0.2066132264529058 -0.2619887519859536
0.20741482965931862 -0.2678681164727015
0.20821643286573147 -0.27370671347467185
0.2090180360721443 -0.27950259560089236
0.20981963927855712 -0.28525388695098564
0.21062124248496994 -0.2909587570917536
0.21142284569138275 -0.29661539622653826
0.2122244488977956 -0.3022219910656833
0.21302605210420844 -0.30777670093403836
0.21382765531062126 -0.3132776336691379
0.21462925851703407 -0.3187228208682196
0.2154308617234469 -0.32411019203799996
0.21623246492985973 -0.32943754718725454
0.21703406813627255 -0.3347025273806158
0.2178356713426854 -0.3399025827435127
0.2186372745490982 -0.3450349373753441
0.21943887775551102 -0.3500965505925764
0.22024048096192383 -0.35508407389128993
0.22104208416833668 -0.3599938029950532
0.22184368737474952 -0.36482162434968873
0.22264529058116234 -0.3695629554560263
0.22344689378757515 -0.3742126785168555
0.22424849699398797 -0.37876506704480795
0.2250501002004008 -0.3832137053779882
0.22585170340681363 -0.3875514015365984
0.22665330661322647 -0.39177009460379586
0.22745490981963928 -0.395860758922706
0.2282565130260521 -0.39981330898195855
0.22905811623246494 -0.4036165110304728
0.22985971943887776 -0.4072579103155864
0.23066132264529057 -0.41072378640088186
0.23146292585170342 -0.4139991531592407
0.23226452905811623 -0.4170678243458449
0.23306613226452907 -0.4199125692978824
0.2338677354709419 -0.42251538488413576
0.2346693386773547 -0.42485790736154777
0.23547094188376755 -0.42692197897602246
0.23627254509018036 -0.4286903670423683
0.23707414829659318 -0.4301476075076553
0.23787575150300602 -0.4312809133575389
0.23867735470941884 -0.43208105735580027
0.23947895791583168 -0.43254311847092736
0.2402805611222445 -0.4326669820316666
0.2410821643286573 -0.43245751054498566
0.24188376753507015 -0.43192435175240806
0.24268537074148297 -0.4310814103068598
0.24348697394789579 -0.42994606233308164
0.24428857715430863 -0.4285382238411157
0.24509018036072144 -0.42687938878795895
0.2458917835671343 -0.4249917343465417
0.2466933867735471 -0.4228973594905945
0.24749498997995992 -0.42061768910081637
0.24829659318637276 -0.4181730473009468
0.24909819639278558 -0.41558238427079175
0.2498997995991984 -0.4128631304617355
0.25070140280561126 -0.410031149043382
0.251503006012024 -0.40710075902269877
0.2523046092184369 -0.40408480554511733
0.2531062124248497 -0.40099475878096535
0.2539078156312625 -0.39784082752934613
0.2547094188376754 -0.39463207774209597
0.25551102204408815 -0.3913765494214918
0.256312625250501 -0.3880813678016542
0.25711422845691384 -0.3847528464962286
0.25791583166332666 -0.3813965815235166
0.25871743486973947 -0.3780175359340602
0.2595190380761523 -0.3746201152802438
0.26032064128256516 -0.3712082344696512
0.261122244488978 -0.36778537670215905
0.2619238476953908 -0.3643546452540016
0.2627254509018036 -0.36091880887505573
0.2635270541082164 -0.3574803415324722
0.2643286573146293 -0.35404145718116764
0.26513026052104205 -0.35060414017896846
0.2659318637274549 -0.3471701718996467
0.26673346693386774 -0.3437411540341155
0.26753507014028055 -0.340318529010325
0.2683366733466934 -0.3369035979084142
0.2691382765531062 -0.33349753619898426
0.26993987975951905 -0.33010140758889406
0.27074148296593187 -0.32671617622140275
0.2715430861723447 -0.3233427174438851
0.27234468937875755 -0.31998182732792035
0.2731462925851703 -0.3166342311012675
0.2739478957915832 -0.3133005906300291
0.274749498997996 -0.309981511070426
0.2755511022044088 -0.3066775467939637
0.2763527054108217 -0.30338920667553915
0.27715430861723445 -0.3001169588226255
0.2779559118236473 -0.29686123481309956
0.27875751503006013 -0.293622433500905
0.27955911823647295 -0.29040092444068444
0.28036072144288576 -0.28719705097625964
0.2811623246492986 -0.2840111330321492
0.28196392785571145 -0.28084346964257473
0.28276553106212426 -0.2776943412477417
0.2835671342685371 -0.27456401178393114
0.2843687374749499 -0.27145273059079883
0.2851703406813627 -0.26836073415603845
0.2859719438877756 -0.26528824771570003
0.28677354709418834 -0.26223548672596964
0.2875751503006012 -0.25920265822080857
0.288376753507014 -0.25618996206756856
0.28917835671342684 -0.2531975921320927
0.2899799599198397 -0.25022573736303905
0.2907815631262525 -0.24727458280423317
0.29158316633266534 -0.24434431054294317
0.29238476953907816 -0.24143510060113982
0.293186372745491 -0.23854713177589992
0.29398797595190385 -0.23568058243475093
0.2947895791583166 -0.232835631270692
0.2955911823647295 -0.2300124580217971
0.2963927855711423 -0.22721124415894478
0.2971943887775551 -0.22443217354571166
0.297995991983968 -0.2216754330732351
0.29879759519038074 -0.2189412132733109
0.2995991983967936 -0.21622970891186366
0.3004008016032064 -0.21354111956525573
0.30120240480961924 -0.21087565018130833
0.3020040080160321 -0.20823351162671316
0.30280561122244487 -0.20561492122231684
0.30360721442885774 -0.20302010326725814
0.30440881763527056 -0.20044928955326896
0.30521042084168337 -0.19790271986939903
0.3060120240480962 -0.19538064249809967
0.306813627254509 -0.1928833147024134
0.3076152304609219 -0.19041100320483006
0.30841683366733463 -0.1879639846568793
0.3092184368737475 -0.1855425460997136
0.3100200400801603 -0.18314698541417948
0.31082164328657313 -0.18077761175988247
0.311623246492986 -0.1784347460015255
0.31242484969939877 -0.17611872112112187
0.31322645290581164 -0.1738298826139059
0.31402805611222445 -0.17156858886566256
0.31482965931863727 -0.16933521150889777
0.31563126252505014 -0.16713013575461905
0.3164328657314629 -0.16495376069619797
0.31723446893787577 -0.1628064995817404
0.3180360721442886 -0.16068878005010695
0.3188376753507014 -0.15860104432632716
0.31963927855711427 -0.15654374937066987
0.32044088176352703 -0.1545173669759362
0.3212424849699399 -0.1525223838066599
0.3220440881763527 -0.15055930137351622
0.32284569138276553 -0.14862863593566805
0.3236472945891784 -0.1467309183237834
0.32444889779559116 -0.14486669367525867
0.32525050100200403 -0.14303652107364478
0.32605210420841685 -0.14124097308345246
0.32685370741482966 -0.13948063517134543
0.3276553106212425 -0.13775610500494542
0.3284569138276553 -0.13606799161983693
0.32925851703406817 -0.13441691444624243
0.330060120240481 -0.1328035021864881
0.3308617234468938 -0.13122839153523658
0.3316633266533066 -0.12969222573501993
0.3324649298597194 -0.1281956529605398
0.3332665330661323 -0.12673932452658268
0.33406813627254506 -0.12532389291549884
0.33486973947895793 -0.12395000962226242
0.33567134268537074 -0.12261832281726766
0.33647294589178356 -0.12132947482903507
0.33727454909819643 -0.1200840994520512
0.3380761523046092 -0.11888281908768832
0.33887775551102206 -0.11772624172953697
0.3396793587174349 -0.11661495780783977
0.3404809619238477 -0.11554953691117184
0.34128256513026056 -0.11453052440760339
0.3420841683366733 -0.11355843799069162
0.3428857715430862 -0.1126337641797377
0.343687374749499 -0.11175695480687924
0.3444889779559118 -0.11092842352654024
0.3452905811623247 -0.11014854238583224
0.34609218436873745 -0.10941763849610356
0.3468937875751503 -0.10873599084726818
0.34769539078156314 -0.10810382730770585
0.34849699398797596 -0.10752132185134429
0.34929859719438877 -0.10698859205325935
0.3501002004008016 -0.1065056968924351
0.35090180360721446 -0.10607263489727438
0.3517034068136272 -0.10568934266571653
0.3525050100200401 -0.10535569378635606
0.35330661322645296 -0.10507149818192474
0.3541082164328657 -0.10483650188948716
0.3549098196392786 -0.10465038728551722
0.35571142284569135 -0.10451277375667765
0.3565130260521042 -0.10442321880982292
0.3573146292585171 -0.10438121960829432
0.35811623246492985 -0.10438621491402275
0.3589178356713427 -0.1044375874098883
0.3597194388777555 -0.104534666370077
0.36052104208416835 -0.10467673064248435
0.3613226452905811 -0.10486301190292924
0.362124248496994 -0.10509269813817658
0.36292585170340685 -0.10536493731341877
0.3637274549098196 -0.10567884117843136
0.3645290581162325 -0.10603348916766232
0.36533066132264524 -0.10642793234976829
0.3661322645290581 -0.10686119738490273
0.366933867735471 -0.1073322904499639
0.36773547094188375 -0.10784020109563598
0.3685370741482966 -0.10838390600262837
0.3693386773547094 -0.10896237260803819
0.37014028056112225 -0.10957456257765609
0.3709418837675351 -0.11021943510322335
0.3717434869739479 -0.11089595000880383
0.37254509018036075 -0.11160307065329872
0.3733466933867735 -0.11233976662106125
0.3741482965931864 -0.11310501619481851
0.37494989979959925 -0.11389780860978607
0.375751503006012 -0.11471714608897479
0.3765531062124249 -0.1155620456636331
0.37735470941883764 -0.11643154078435662
0.3781563126252505 -0.11732468272961429
0.3789579158316634 -0.11824054182096927
0.37975951903807614 -0.11917820845460038
0.380561122244489 -0.12013679395953093
0.3813627254509018 -0.12111543129429868
0.38216432865731464 -0.12211327559300972
0.3829659318637274 -0.12312950457295488
0.3837675350701403 -0.12416331881494713
0.38456913827655315 -0.1252139419282707
0.3853707414829659 -0.12628062061067963
0.3861723446893788 -0.12736262461494796
0.38697394789579154 -0.128459246631278
0.3877755511022044 -0.12956980209593938
0.3885771543086173 -0.13069362893484518
0.38937875751503004 -0.1318300872504589
0.3901803607214429 -0.13297855896016428
0.39098196392785567 -0.13413844739319666
0.39178356713426854 -0.13530917685279426
0.3925851703406814 -0.13649019214964936
0.39338677354709417 -0.1376809581120782
0.39418837675350704 -0.13888095907819123
0.3949899799599198 -0.1400896983741613
0.39579158316633267 -0.14130669778284738
0.39659318637274554 -0.14253149700619758
0.3973947895791583 -0.14376365312461156
0.3981963927855712 -0.1450027400560072
0.39899799599198393 -0.1462483480172441
0.3997995991983968 -0.14750008298935754
0.4006012024048097 -0.14875756618927144
0.40140280561122244 -0.15002043354880748
0.4022044088176353 -0.15128833520264168
0.40300601202404807 -0.15256093498629217
0.40380761523046094 -0.15383790994476224
0.4046092184368738 -0.15511894985294067
0.40541082164328657 -0.1564037567481299
0.40621242484969944 -0.15769204447485569
0.4070140280561122 -0.15898353824301875
0.40781563126252507 -0.1602779741986545
0.40861723446893783 -0.16157509900823472
0.4094188376753507 -0.1628746694560508
0.41022044088176357 -0.16417645205472892
0.41102204408817633 -0.16548022266908272
0.4118236472945892 -0.1667857661526975
0.41262525050100196 -0.16809287599740247
0.41342685370741483 -0.16940135399534736
0.4142284569138277 -0.17071100991331037
0.41503006012024046 -0.17202166117914683
0.41583166332665333 -0.17333313257978486
0.4166332665330661 -0.17464525597101188
0.41743486973947896 -0.17595786999798702
0.41823647294589184 -0.17727081982687978
0.4190380761523046 -0.17858395688683548
0.41983967935871747 -0.1798971386220253
0.4206412825651302 -0.18121022825364808
0.4214428857715431 -0.18252309455123394
0.42224448897795597 -0.18383561161329312
0.4230460921843687 -0.18514765865650643
0.4238476953907816 -0.1864591198136767
0.42464929859719436 -0.18776988393966548
0.42545090180360723 -0.18907984442527945
0.4262525050100201 -0.19038889901872535
0.42705410821643286 -0.1916969496543273
0.42785571142284573 -0.19300390228822217
0.4286573146292585 -0.19430966674071087
0.42945891783567136 -0.19561415654519426
0.4302605210420841 -0.1969172888031158
0.431062124248497 -0.19821898404503763
0.43186372745490986 -0.19951916609710926
0.4326653306613226 -0.2008177619533727
0.4334669338677355 -0.2021147016529182
0.43426853707414825 -0.20340991816229534
0.4350701402805611 -0.20470334726264802
0.435871743486974 -0.20599492744142303
0.43667334669338675 -0.20728459978850794
0.4374749498997996 -0.20857230789657505
0.4382765531062124 -0.2098579977656017
0.43907815631262526 -0.21114161771094123
0.4398797595190381 -0.21242311827553306
0.4406813627254509 -0.21370245214516842
0.44148296593186376 -0.2149795740676951
0.4422845691382765 -0.21625444077503392
0.4430861723446894 -0.21752701090850943
0.44388777555110226 -0.21879724494722774
0.444689378757515 -0.2200651051390924
0.4454909819639279 -0.2213305554348029
0.44629258517034065 -0.22259356142433467
0.4470941883767535 -0.22385409027592837
0.4478957915831664 -0.22511211067754416
0.44869739478957915 -0.22636759278061766
0.449498997995992 -0.2276205081459462
0.4503006012024048 -0.2288708296918194
0.45110220440881765 -0.23011853164398108
0.4519038076152304 -0.23136358948771624
0.4527054108216433 -0.23260597992178117
0.45350701402805615 -0.23384568081395946
0.4543086172344689 -0.2350826711584452
0.4551102204408818 -0.23631693103494658
0.45591182364729455 -0.23754844156909208
0.4567134268537074 -0.2387771848946717
0.4575150300601203 -0.24000314411701035
0.45831663326653305 -0.2412263032779829
0.4591182364729459 -0.2424466473221291
0.4599198396793587 -0.24366416206427688
0.46072144288577155 -0.24487883415811107
0.4615230460921844 -0.24609065106617006
0.4623246492985972 -0.2472996010308335
0.46312625250501005 -0.24850567304635865
0.4639278557114228 -0.24970885683203276
0.4647294589178357 -0.25090914280626603
0.46553106212424855 -0.252106522061773
0.4663326653306613 -0.2533009863412747
0.4671342685370742 -0.25449252801463923
0.46793587174348694 -0.25568114005642273
0.4687374749498998 -0.25686681602445033
0.4695390781563127 -0.25804955003901825
0.47034068136272544 -0.25922933676307586
0.4711422845691383 -0.2604061713827425
0.4719438877755511 -0.2615800495889495
0.47274549098196395 -0.2627509675595202
0.4735470941883767 -0.26391892194178007
0.4743486973947896 -0.26508390983609054
0.47515030060120245 -0.26624592877962255
0.4759519038076152 -0.2674049767309794
0.4767535070140281 -0.2685610520551814
0.47755511022044084 -0.269714153509311
0.4783567134268537 -0.2708642802285456
0.4791583166332666 -0.2720114317127183
0.47995991983967934 -0.2731556078133906
0.4807615230460922 -0.2742968087213106
0.48156312625250497 -0.275435034954323
0.48236472945891784 -0.2765702873456974
0.4831663326653307 -0.27770256703289714
0.48396793587174347 -0.2788318754466641
0.48476953907815634 -0.27995821430051177
0.4855711422845691 -0.28108158558054286
0.486372745490982 -0.282201991535737
0.48717434869739484 -0.2833194346683383
0.4879759519038076 -0.28443391772483567
0.4887775551102205 -0.2855454436869853
0.48957915831663323 -0.28665401576338895
0.4903807615230461 -0.287759637381116
0.491182364729459 -0.28886231217779135
0.49198396793587174 -0.2899620439938137
0.4927855711422846 -0.2910588368649772
0.49358717434869737 -0.29215269501516417
0.49438877755511024 -0.29324362284940136
0.495190380761523 -0.29433162494710513
0.49599198396793587 -0.29541670605558873
0.49679358717434874 -0.29649887108373413
0.4975951903807615 -0.29757812509581555
0.49839679358717437 -0.29865447330575967
0.49919839679358713 -0.2997279210711923
0.5 -0.30079847388819864
