0.000000000000000000e+00 0.000000000000000000e+00
6.269592476489028732e-01 0.000000000000000000e+00
1.253918495297805746e+00 0.000000000000000000e+00
1.880877742946708508e+00 0.000000000000000000e+00
2.507836990595611493e+00 0.000000000000000000e+00
3.134796238244514477e+00 0.000000000000000000e+00
3.761755485893417017e+00 0.000000000000000000e+00
4.388714733542320445e+00 0.000000000000000000e+00
5.015673981191222985e+00 0.000000000000000000e+00
5.642633228840125525e+00 0.000000000000000000e+00
6.269592476489028954e+00 0.000000000000000000e+00
6.896551724137931494e+00 0.000000000000000000e+00
7.523510971786834034e+00 0.000000000000000000e+00
8.150470219435737462e+00 0.000000000000000000e+00
8.777429467084640891e+00 0.000000000000000000e+00
9.404388714733542542e+00 0.000000000000000000e+00
1.003134796238244597e+01 0.000000000000000000e+00
1.065830721003134940e+01 0.000000000000000000e+00
1.128526645768025105e+01 0.000000000000000000e+00
1.191222570532915448e+01 0.000000000000000000e+00
1.253918495297805791e+01 0.000000000000000000e+00
1.316614420062695956e+01 0.000000000000000000e+00
1.379310344827586299e+01 0.000000000000000000e+00
1.442006269592476642e+01 0.000000000000000000e+00
1.504702194357366807e+01 0.000000000000000000e+00
1.567398119122257150e+01 0.000000000000000000e+00
1.630094043887147492e+01 0.000000000000000000e+00
1.692789968652037658e+01 0.000000000000000000e+00
1.755485893416928178e+01 0.000000000000000000e+00
1.818181818181818343e+01 0.000000000000000000e+00
1.880877742946708508e+01 0.000000000000000000e+00
1.943573667711599029e+01 0.000000000000000000e+00
2.006269592476489194e+01 0.000000000000000000e+00
2.068965517241379359e+01 0.000000000000000000e+00
2.131661442006269880e+01 0.000000000000000000e+00
2.194357366771160045e+01 0.000000000000000000e+00
2.257053291536050210e+01 0.000000000000000000e+00
2.319749216300940731e+01 0.000000000000000000e+00
2.382445141065830896e+01 0.000000000000000000e+00
2.445141065830721061e+01 0.000000000000000000e+00
2.507836990595611582e+01 0.000000000000000000e+00
2.570532915360501747e+01 0.000000000000000000e+00
2.633228840125391912e+01 0.000000000000000000e+00
2.695924764890282432e+01 0.000000000000000000e+00
2.758620689655172598e+01 0.000000000000000000e+00
2.821316614420062763e+01 0.000000000000000000e+00
2.884012539184953283e+01 0.000000000000000000e+00
2.946708463949843448e+01 0.000000000000000000e+00
3.009404388714733614e+01 0.000000000000000000e+00
3.072100313479624134e+01 0.000000000000000000e+00
3.134796238244514299e+01 0.000000000000000000e+00
3.197492163009404820e+01 0.000000000000000000e+00
3.260188087774294985e+01 0.000000000000000000e+00
3.322884012539185505e+01 0.000000000000000000e+00
3.385579937304075315e+01 0.000000000000000000e+00
3.448275862068965836e+01 0.000000000000000000e+00
3.510971786833856356e+01 0.000000000000000000e+00
3.573667711598746166e+01 0.000000000000000000e+00
3.636363636363636687e+01 0.000000000000000000e+00
3.699059561128527207e+01 0.000000000000000000e+00
3.761755485893417017e+01 0.000000000000000000e+00
3.824451410658307537e+01 0.000000000000000000e+00
3.887147335423198058e+01 0.000000000000000000e+00
3.949843260188087868e+01 0.000000000000000000e+00
4.012539184952978388e+01 0.000000000000000000e+00
4.075235109717868909e+01 0.000000000000000000e+00
4.137931034482758719e+01 0.000000000000000000e+00
4.200626959247649239e+01 0.000000000000000000e+00
4.263322884012539760e+01 0.000000000000000000e+00
4.326018808777429570e+01 0.000000000000000000e+00
4.388714733542320090e+01 0.000000000000000000e+00
4.451410658307210610e+01 0.000000000000000000e+00
4.514106583072100420e+01 0.000000000000000000e+00
4.576802507836990941e+01 0.000000000000000000e+00
4.639498432601881461e+01 0.000000000000000000e+00
4.702194357366771271e+01 0.000000000000000000e+00
4.764890282131661792e+01 0.000000000000000000e+00
4.827586206896552312e+01 0.000000000000000000e+00
4.890282131661442122e+01 0.000000000000000000e+00
4.952978056426332643e+01 0.000000000000000000e+00
5.015673981191223163e+01 0.000000000000000000e+00
5.078369905956112973e+01 0.000000000000000000e+00
5.141065830721003493e+01 0.000000000000000000e+00
5.203761755485894014e+01 0.000000000000000000e+00
5.266457680250783824e+01 0.000000000000000000e+00
5.329153605015674344e+01 0.000000000000000000e+00
5.391849529780564865e+01 0.000000000000000000e+00
5.454545454545454675e+01 0.000000000000000000e+00
5.517241379310345195e+01 0.000000000000000000e+00
5.579937304075235716e+01 0.000000000000000000e+00
5.642633228840125525e+01 0.000000000000000000e+00
5.705329153605016046e+01 0.000000000000000000e+00
5.768025078369906566e+01 0.000000000000000000e+00
5.830721003134796376e+01 0.000000000000000000e+00
5.893416927899686897e+01 0.000000000000000000e+00
5.956112852664577417e+01 0.000000000000000000e+00
6.018808777429467227e+01 0.000000000000000000e+00
6.081504702194357748e+01 0.000000000000000000e+00
6.144200626959248268e+01 0.000000000000000000e+00
6.206896551724138789e+01 0.000000000000000000e+00
6.269592476489028599e+01 0.000000000000000000e+00
6.332288401253919119e+01 0.000000000000000000e+00
6.394984326018809639e+01 0.000000000000000000e+00
6.457680250783700160e+01 0.000000000000000000e+00
6.520376175548589970e+01 0.000000000000000000e+00
6.583072100313479780e+01 0.000000000000000000e+00
6.645768025078371011e+01 0.000000000000000000e+00
6.708463949843260821e+01 0.000000000000000000e+00
6.771159874608150631e+01 0.000000000000000000e+00
6.833855799373041862e+01 0.000000000000000000e+00
6.896551724137931672e+01 0.000000000000000000e+00
6.959247648902821481e+01 0.000000000000000000e+00
7.021943573667712712e+01 0.000000000000000000e+00
7.084639498432602522e+01 0.000000000000000000e+00
7.147335423197492332e+01 0.000000000000000000e+00
7.210031347962383563e+01 0.000000000000000000e+00
7.272727272727273373e+01 0.000000000000000000e+00
7.335423197492163183e+01 0.000000000000000000e+00
7.398119122257054414e+01 0.000000000000000000e+00
7.460815047021944224e+01 0.000000000000000000e+00
7.523510971786834034e+01 0.000000000000000000e+00
7.586206896551725265e+01 0.000000000000000000e+00
7.648902821316615075e+01 0.000000000000000000e+00
7.711598746081504885e+01 0.000000000000000000e+00
7.774294670846396116e+01 0.000000000000000000e+00
7.836990595611285926e+01 0.000000000000000000e+00
7.899686520376175736e+01 0.000000000000000000e+00
7.962382445141066967e+01 0.000000000000000000e+00
8.025078369905956777e+01 0.000000000000000000e+00
8.087774294670846587e+01 0.000000000000000000e+00
8.150470219435737818e+01 0.000000000000000000e+00
8.213166144200627627e+01 0.000000000000000000e+00
8.275862068965517437e+01 0.000000000000000000e+00
8.338557993730408668e+01 0.000000000000000000e+00
8.401253918495298478e+01 0.000000000000000000e+00
8.463949843260188288e+01 0.000000000000000000e+00
8.526645768025079519e+01 0.000000000000000000e+00
8.589341692789969329e+01 0.000000000000000000e+00
8.652037617554859139e+01 0.000000000000000000e+00
8.714733542319750370e+01 0.000000000000000000e+00
8.777429467084640180e+01 0.000000000000000000e+00
8.840125391849529990e+01 0.000000000000000000e+00
8.902821316614421221e+01 0.000000000000000000e+00
8.965517241379311031e+01 0.000000000000000000e+00
9.028213166144200841e+01 0.000000000000000000e+00
9.090909090909092072e+01 0.000000000000000000e+00
9.153605015673981882e+01 0.000000000000000000e+00
9.216300940438871692e+01 0.000000000000000000e+00
9.278996865203762923e+01 0.000000000000000000e+00
9.341692789968652733e+01 0.000000000000000000e+00
9.404388714733542542e+01 0.000000000000000000e+00
9.467084639498433773e+01 0.000000000000000000e+00
9.529780564263323583e+01 0.000000000000000000e+00
9.592476489028213393e+01 0.000000000000000000e+00
9.655172413793104624e+01 0.000000000000000000e+00
9.717868338557994434e+01 0.000000000000000000e+00
9.780564263322884244e+01 0.000000000000000000e+00
9.843260188087775475e+01 0.000000000000000000e+00
9.905956112852665285e+01 0.000000000000000000e+00
9.968652037617555095e+01 0.000000000000000000e+00
1.003134796238244633e+02 0.000000000000000000e+00
1.009404388714733614e+02 0.000000000000000000e+00
1.015673981191222595e+02 0.000000000000000000e+00
1.021943573667711718e+02 0.000000000000000000e+00
1.028213166144200699e+02 0.000000000000000000e+00
1.034482758620689680e+02 0.000000000000000000e+00
1.040752351097178803e+02 0.000000000000000000e+00
1.047021943573667784e+02 0.000000000000000000e+00
1.053291536050156765e+02 0.000000000000000000e+00
1.059561128526645888e+02 0.000000000000000000e+00
1.065830721003134869e+02 0.000000000000000000e+00
1.072100313479623850e+02 0.000000000000000000e+00
1.078369905956112973e+02 0.000000000000000000e+00
1.084639498432601954e+02 0.000000000000000000e+00
1.090909090909090935e+02 0.000000000000000000e+00
1.097178683385580058e+02 0.000000000000000000e+00
1.103448275862069039e+02 0.000000000000000000e+00
1.109717868338558020e+02 0.000000000000000000e+00
1.115987460815047143e+02 0.000000000000000000e+00
1.122257053291536124e+02 0.000000000000000000e+00
1.128526645768025105e+02 0.000000000000000000e+00
1.134796238244514228e+02 0.000000000000000000e+00
1.141065830721003209e+02 0.000000000000000000e+00
1.147335423197492190e+02 0.000000000000000000e+00
1.153605015673981313e+02 0.000000000000000000e+00
1.159874608150470294e+02 0.000000000000000000e+00
1.166144200626959275e+02 0.000000000000000000e+00
1.172413793103448398e+02 0.000000000000000000e+00
1.178683385579937379e+02 0.000000000000000000e+00
1.184952978056426360e+02 0.000000000000000000e+00
1.191222570532915483e+02 0.000000000000000000e+00
1.197492163009404464e+02 0.000000000000000000e+00
1.203761755485893445e+02 0.000000000000000000e+00
1.210031347962382569e+02 0.000000000000000000e+00
1.216300940438871550e+02 0.000000000000000000e+00
1.222570532915360673e+02 0.000000000000000000e+00
1.228840125391849654e+02 0.000000000000000000e+00
1.235109717868338635e+02 0.000000000000000000e+00
1.241379310344827758e+02 0.000000000000000000e+00
1.247648902821316739e+02 0.000000000000000000e+00
1.253918495297805720e+02 0.000000000000000000e+00
1.260188087774294843e+02 0.000000000000000000e+00
1.266457680250783824e+02 0.000000000000000000e+00
1.272727272727272805e+02 0.000000000000000000e+00
1.278996865203761928e+02 0.000000000000000000e+00
1.285266457680250767e+02 0.000000000000000000e+00
1.291536050156740032e+02 0.000000000000000000e+00
1.297805642633229013e+02 0.000000000000000000e+00
1.304075235109717994e+02 0.000000000000000000e+00
1.310344827586206975e+02 0.000000000000000000e+00
1.316614420062695956e+02 0.000000000000000000e+00
1.322884012539184937e+02 0.000000000000000000e+00
1.329153605015674202e+02 0.000000000000000000e+00
1.335423197492163183e+02 0.000000000000000000e+00
1.341692789968652164e+02 0.000000000000000000e+00
1.347962382445141145e+02 0.000000000000000000e+00
1.354231974921630126e+02 0.000000000000000000e+00
1.360501567398119107e+02 0.000000000000000000e+00
1.366771159874608372e+02 0.000000000000000000e+00
1.373040752351097353e+02 0.000000000000000000e+00
1.379310344827586334e+02 0.000000000000000000e+00
1.385579937304075315e+02 0.000000000000000000e+00
1.391849529780564296e+02 0.000000000000000000e+00
1.398119122257053277e+02 0.000000000000000000e+00
1.404388714733542542e+02 0.000000000000000000e+00
1.410658307210031523e+02 0.000000000000000000e+00
1.416927899686520504e+02 0.000000000000000000e+00
1.423197492163009485e+02 0.000000000000000000e+00
1.429467084639498466e+02 0.000000000000000000e+00
1.435736677115987447e+02 0.000000000000000000e+00
1.442006269592476713e+02 0.000000000000000000e+00
1.448275862068965694e+02 0.000000000000000000e+00
1.454545454545454675e+02 0.000000000000000000e+00
1.460815047021943656e+02 0.000000000000000000e+00
1.467084639498432637e+02 0.000000000000000000e+00
1.473354231974921618e+02 0.000000000000000000e+00
1.479623824451410883e+02 0.000000000000000000e+00
1.485893416927899864e+02 0.000000000000000000e+00
1.492163009404388845e+02 0.000000000000000000e+00
1.498432601880877826e+02 0.000000000000000000e+00
1.504702194357366807e+02 0.000000000000000000e+00
1.510971786833855788e+02 0.000000000000000000e+00
1.517241379310345053e+02 0.000000000000000000e+00
1.523510971786834034e+02 0.000000000000000000e+00
1.529780564263323015e+02 0.000000000000000000e+00
1.536050156739811996e+02 0.000000000000000000e+00
1.542319749216300977e+02 0.000000000000000000e+00
1.548589341692789958e+02 0.000000000000000000e+00
1.554858934169279223e+02 0.000000000000000000e+00
1.561128526645768204e+02 0.000000000000000000e+00
1.567398119122257185e+02 0.000000000000000000e+00
1.573667711598746166e+02 0.000000000000000000e+00
1.579937304075235147e+02 0.000000000000000000e+00
1.586206896551724128e+02 0.000000000000000000e+00
1.592476489028213393e+02 0.000000000000000000e+00
1.598746081504702374e+02 0.000000000000000000e+00
1.605015673981191355e+02 0.000000000000000000e+00
1.611285266457680336e+02 0.000000000000000000e+00
1.617554858934169317e+02 0.000000000000000000e+00
1.623824451410658583e+02 0.000000000000000000e+00
1.630094043887147564e+02 0.000000000000000000e+00
1.636363636363636545e+02 0.000000000000000000e+00
1.642633228840125525e+02 0.000000000000000000e+00
1.648902821316614506e+02 0.000000000000000000e+00
1.655172413793103487e+02 0.000000000000000000e+00
1.661442006269592753e+02 0.000000000000000000e+00
1.667711598746081734e+02 0.000000000000000000e+00
1.673981191222570715e+02 0.000000000000000000e+00
1.680250783699059696e+02 0.000000000000000000e+00
1.686520376175548677e+02 0.000000000000000000e+00
1.692789968652037658e+02 0.000000000000000000e+00
1.699059561128526923e+02 0.000000000000000000e+00
1.705329153605015904e+02 0.000000000000000000e+00
1.711598746081504885e+02 0.000000000000000000e+00
1.717868338557993866e+02 0.000000000000000000e+00
1.724137931034482847e+02 0.000000000000000000e+00
1.730407523510971828e+02 0.000000000000000000e+00
1.736677115987461093e+02 0.000000000000000000e+00
1.742946708463950074e+02 0.000000000000000000e+00
1.749216300940439055e+02 0.000000000000000000e+00
1.755485893416928036e+02 0.000000000000000000e+00
1.761755485893417017e+02 0.000000000000000000e+00
1.768025078369905998e+02 0.000000000000000000e+00
1.774294670846395263e+02 0.000000000000000000e+00
1.780564263322884244e+02 0.000000000000000000e+00
1.786833855799373225e+02 0.000000000000000000e+00
1.793103448275862206e+02 0.000000000000000000e+00
1.799373040752351187e+02 0.000000000000000000e+00
1.805642633228840168e+02 0.000000000000000000e+00
1.811912225705329433e+02 0.000000000000000000e+00
1.818181818181818414e+02 0.000000000000000000e+00
1.824451410658307395e+02 0.000000000000000000e+00
1.830721003134796376e+02 0.000000000000000000e+00
1.836990595611285357e+02 0.000000000000000000e+00
1.843260188087774338e+02 0.000000000000000000e+00
1.849529780564263604e+02 0.000000000000000000e+00
1.855799373040752585e+02 0.000000000000000000e+00
1.862068965517241566e+02 0.000000000000000000e+00
1.868338557993730547e+02 0.000000000000000000e+00
1.874608150470219528e+02 0.000000000000000000e+00
1.880877742946708508e+02 0.000000000000000000e+00
1.887147335423197774e+02 0.000000000000000000e+00
1.893416927899686755e+02 0.000000000000000000e+00
1.899686520376175736e+02 0.000000000000000000e+00
1.905956112852664717e+02 0.000000000000000000e+00
1.912225705329153698e+02 0.000000000000000000e+00
1.918495297805642679e+02 0.000000000000000000e+00
1.924764890282131944e+02 0.000000000000000000e+00
1.931034482758620925e+02 0.000000000000000000e+00
1.937304075235109906e+02 0.000000000000000000e+00
1.943573667711598887e+02 0.000000000000000000e+00
1.949843260188087868e+02 0.000000000000000000e+00
1.956112852664576849e+02 0.000000000000000000e+00
1.962382445141066114e+02 0.000000000000000000e+00
1.968652037617555095e+02 0.000000000000000000e+00
1.974921630094044076e+02 0.000000000000000000e+00
1.981191222570533057e+02 0.000000000000000000e+00
1.987460815047022038e+02 0.000000000000000000e+00
1.993730407523511019e+02 0.000000000000000000e+00
2.000000000000000284e+02 0.000000000000000000e+00
