0.49 -0.3240081665673399 -0.16599183345304305 0.16599183345304025 0.3240081665673406 -0.3033654422752755 -0.18663455772472504 0.18663455772472262 0.30336544227527557
0.49024096385542165 -0.3276442631372886 -0.16235573688307608 0.1623557368830748 0.3276442631372895 -0.30661921277141213 -0.1833807872285884 0.18338078722858803 0.30661921277141185
0.49048192771084337 -0.33128097319634453 -0.1587190268239997 0.15871902682399797 0.3312809731963446 -0.3098537702568292 -0.1801462297431716 0.18014622974317027 0.30985377025682687
0.49072289156626503 -0.3349168794299298 -0.15508312059039212 0.15508312059039098 0.3349168794299296 -0.31306758083967295 -0.17693241916032829 0.17693241916032798 0.3130675808396713
0.49096385542168675 -0.3385506580451212 -0.15144934197517973 0.15144934197517923 0.33855065804512124 -0.3162590750778276 -0.17374092492217233 0.17374092492217172 0.3162590750778266
0.4912048192771084 -0.3421810469082446 -0.14781895311203613 0.14781895311203214 0.3421810469082434 -0.31942663184871056 -0.170573368151291 0.17057336815128796 0.3194266318487104
0.4914457831325301 -0.3458068184911781 -0.14419318152907165 0.14419318152907476 0.3458068184911794 -0.3225685644135076 -0.16743143558649456 0.16743143558649293 0.32256856441350795
0.4916867469879518 -0.3494267561589972 -0.1405732438612317 0.14057324386123227 0.34942675615899765 -0.3256831079334293 -0.16431689206656822 0.16431689206656988 0.3256831079334323
0.4919277108433735 -0.3530396326582845 -0.13696036736192033 0.13696036736191783 0.3530396326582854 -0.32876840793056983 -0.16123159206943088 0.16123159206943052 0.3287684079305686
0.49216867469879516 -0.35664418989029384 -0.13335581012988706 0.13335581012988912 0.3566441898902947 -0.33182250935512503 -0.1581774906448732 0.158177490644874 0.33182250935512514
0.4924096385542169 -0.3602391192003625 -0.12976088081979106 0.12976088081979528 0.3602391192003638 -0.3348433460277095 -0.15515665397229084 0.1551566539722916 0.33484334602770943
0.49265060240963854 -0.36382304150906414 -0.12617695851106586 0.1261769585110624 0.36382304150906286 -0.33782873031127925 -0.15217126968872133 0.1521712696887198 0.33782873031127736
0.49289156626506025 -0.3673944866617188 -0.12260551335838094 0.12260551335837949 0.3673944866617179 -0.3407763429367148 -0.1492236570632807 0.14922365706328447 0.3407763429367193
0.4931325301204819 -0.3709518713888123 -0.11904812863125981 0.11904812863125683 0.37095187138881097 -0.3436837229564738 -0.14631627704352484 0.1463162770435257 0.34368372295647537
0.49337349397590363 -0.37449347525811144 -0.11550652476192674 0.1155065247619266 0.37449347525810855 -0.3465482578556799 -0.14345174214432121 0.14345174214432027 0.34654825785567944
0.4936144578313253 -0.37801741395973293 -0.11198258606027271 0.11198258606027235 0.3780174139597317 -0.3493671738926064 -0.14063282610739258 0.14063282610739333 0.3493671738926077
0.493855421686747 -0.3815216092046113 -0.10847839081535611 0.10847839081535722 0.38152160920461015 -0.3521375267997763 -0.13786247320022166 0.13786247320022177 0.3521375267997776
0.49409638554216867 -0.3850037544287811 -0.10499624559114752 0.10499624559114751 0.3850037544287848 -0.35485619301970966 -0.13514380698028808 0.13514380698028972 0.3548561930197116
0.49433734939759033 -0.3884612753880942 -0.10153872463179994 0.10153872463179815 0.38846127538809266 -0.3575198617122357 -0.13248013828776448 0.1324801382877643 0.3575198617122375
0.49457831325301205 -0.3918912845987346 -0.09810871542111552 0.09810871542111674 0.39189128459873496 -0.36012502783448963 -0.12987497216550992 0.1298749721655101 0.36012502783448935
0.4948192771084337 -0.395290528428477 -0.09470947159132663 0.0947094715913284 0.39529052842847867 -0.3626679866528659 -0.12733201334713434 0.12733201334713312 0.3626679866528659
0.4950602409638554 -0.39865532548701443 -0.0913446745327442 0.09134467453274198 0.3986553254870173 -0.36514483012928 -0.12485516987072116 0.12485516987072214 0.36514483012927745
0.4953012048192771 -0.40198149480343 -0.08801850521627676 0.0880185052162789 0.40198149480343165 -0.3675514456864002 -0.12244855431360017 0.12244855431359924 0.3675514456864012
0.4955421686746988 -0.40526427214882477 -0.0847357278708317 0.08473572787083095 0.40526427214882527 -0.3698835179372311 -0.1201164820627701 0.12011648206276972 0.3698835179372319
0.49578313253012046 -0.4084982127946799 -0.08150178722492057 0.0815017872249214 0.408498212794679 -0.37213653402512126 -0.11786346597487582 0.1178634659748779 0.3721365340251209
0.4960240963855422 -0.4116770790664944 -0.07832292095304585 0.07832292095304716 0.41167707906649414 -0.3743057932814985 -0.11569420671850009 0.11569420671850031 0.3743057932814972
0.49626506024096384 -0.4147937113576897 -0.07520628866179084 0.07520628866178791 0.4147937113576886 -0.3763864219378552 -0.11361357806214277 0.11361357806214502 0.37638642193785604
0.49650602409638556 -0.41783988198018557 -0.07216011803922603 0.07216011803922769 0.41783988198018496 -0.3783733936373767 -0.11162660636262269 0.11162660636262253 0.3783733936373771
0.4967469879518072 -0.420806132583231 -0.06919386743610742 0.06919386743611013 0.4208061325832316 -0.3802615564510248 -0.10973844354897659 0.10973844354897469 0.38026155645102167
0.49698795180722893 -0.423681598217479 -0.06631840180178439 0.06631840180178487 0.4236815982174791 -0.3820456670154087 -0.10795433298459216 0.10795433298458978 0.382045667015408
0.4972289156626506 -0.4264538249047745 -0.06354617511440852 0.0635461751144096 0.42645382490477407 -0.38372043224588986 -0.10627956775410953 0.10627956775410868 0.38372043224589175
0.4974698795180723 -0.4291085933420594 -0.060891406677043125 0.06089140667704493 0.42910859334205825 -0.3852805588516617 -0.10471944114833982 0.10471944114833746 0.38528055885166096
0.49771084337349397 -0.43162976963121547 -0.05837023038780295 0.05837023038780306 0.4316297696312139 -0.3867208105506362 -0.10327918944936738 0.10327918944936622 0.38672081055063373
0.49795180722891563 -0.43399921495316596 -0.05600078506576536 0.05600078506576723 0.43399921495316696 -0.3880360724982863 -0.10196392750171232 0.10196392750171371 0.3880360724982859
0.49819277108433735 -0.43619679936473743 -0.053803200654105154 0.05380320065410394 0.4361967993647381 -0.3892214219656782 -0.10077857803432023 0.1007785780343204 0.38922142196567827
0.498433734939759 -0.43820057834378207 -0.05179942167497547 0.051799421674972194 0.4382005783437795 -0.3902722037916606 -0.09972779620833928 0.09972779620833847 0.39027220379166044
0.4986746987951807 -0.4399871997556993 -0.05001280026296882 0.05001280026297076 0.43998719975570266 -0.3911841086123655 -0.09881589138763514 0.0988158913876344 0.39118410861236474
0.4989156626506024 -0.4415326058309315 -0.04846739418766326 0.048467394187664735 0.4415326058309285 -0.3919532513821002 -0.09804674861790015 0.09804674861789855 0.39195325138210024
0.4991566265060241 -0.44281306949073435 -0.04718693052778869 0.047186930527790785 0.4428130694907374 -0.39257624730211993 -0.09742375269788302 0.09742375269787981 0.3925762473021183
0.49939759036144576 -0.44380654847693196 -0.04619345154153583 0.04619345154153615 0.4438065484769333 -0.39305028203780207 -0.09694971796219802 0.09694971796219788 0.3930502820378042
0.4996385542168675 -0.44449425487524574 -0.04550574514318676 0.045505745143186054 0.44449425487524524 -0.3933731730587323 -0.09662682694126667 0.09662682694126601 0.3933731730587332
0.49987951807228914 -0.44486224006235003 -0.0451377599560596 0.04513775995605964 0.4448622400623519 -0.393543419125638 -0.09645658087435917 0.09645658087436067 0.3935434191256401
0.5001204819277109 -0.44490272360318434 -0.04509727641522534 0.04509727641522432 0.4449027236031836 -0.39356023540062157 -0.09643976459938064 0.0964397645993788 0.3935602354006205
0.5003614457831326 -0.4446148929908452 -0.04538510702758284 0.04538510702758347 0.4446148929908452 -0.3934235723123237 -0.0965764276876771 0.09657642768767566 0.3934235723123233
0.5006024096385542 -0.44400499193153764 -0.04599500808692995 0.04599500808692973 0.444004991931534 -0.3931341171497668 -0.09686588285023341 0.09686588285023379 0.39313411714976787
0.5008433734939759 -0.4430856762069241 -0.04691432381159308 0.04691432381159491 0.44308567620692485 -0.39269327830705814 -0.09730672169294324 0.09730672169294088 0.39269327830705786
0.5010843373493976 -0.4418747859755589 -0.04812521404302477 0.048125214043025714 0.4418747859755588 -0.39210315303447024 -0.0978968469655306 0.0978968469655288 0.39210315303447074
0.5013253012048193 -0.44039379461858086 -0.049606205400085146 0.04960620540008247 0.44039379461857775 -0.3913664804316682 -0.09863351956833347 0.0986335195683308 0.3913664804316691
0.5015662650602409 -0.4386662137553963 -0.05133378626335318 0.05133378626335181 0.43866621375539444 -0.39048658210840403 -0.09951341789159811 0.09951341789159596 0.390486582108402
0.5018072289156627 -0.43671617533179113 -0.053283824687040675 0.05328382468704024 0.4367161753317964 -0.3894672934294618 -0.10053270657053669 0.10053270657053842 0.3894672934294632
0.5020481927710844 -0.43456731624749323 -0.05543268377143046 0.05543268377142851 0.4345673162474937 -0.38831288849313333 -0.10168711150686757 0.10168711150686702 0.38831288849313444
0.502289156626506 -0.4322419999091419 -0.05775800010987444 0.057758000109873336 0.4322419999091387 -0.3870280019930229 -0.10297199800697661 0.1029719980069764 0.38702800199302484
0.5025301204819277 -0.4297608455339878 -0.0602391544851136 0.06023915448511267 0.42976084553398725 -0.3856175509062302 -0.10438244909377352 0.10438244909377122 0.3856175509062269
0.5027710843373494 -0.4271425041245698 -0.06285749589461584 0.0628574958946157 0.4271425041245686 -0.38408665857227386 -0.10591334142772676 0.10591334142772608 0.3840866585722734
0.5030120481927711 -0.4244036126741718 -0.06559638734509657 0.06559638734509403 0.42440361267417104 -0.38244058325779 -0.10755941674221348 0.10755941674221105 0.3824405832577885
0.5032530120481927 -0.4215588651793299 -0.0684411348400148 0.06844113484001275 0.4215588651793282 -0.38068465278347735 -0.10931534721652238 0.10931534721652127 0.38068465278347513
0.5034939759036144 -0.41862115197983524 -0.07137884803958446 0.07137884803958265 0.4186211519798338 -0.37882420625866753 -0.11117579374133459 0.11117579374133284 0.3788242062586652
0.5037349397590362 -0.4156017325357338 -0.07439826748375886 0.07439826748375862 0.4156017325357265 -0.37686454350939474 -0.11313545649060457 0.11313545649060741 0.37686454350939447
0.5039759036144579 -0.412510418393257 -0.07748958162629337 0.07748958162629292 0.412510418393259 -0.37481088235932053 -0.11518911764067852 0.11518911764068133 0.37481088235931925
0.5042168674698795 -0.4093557520131199 -0.0806442480064886 0.08064424800648842 0.4093557520131247 -0.37266832360137153 -0.1173316763986272 0.11733167639862682 0.37266832360137225
0.5044578313253012 -0.4061451734492068 -0.08385482657046353 0.08385482657046034 0.4061451734492082 -0.3704418232460326 -0.11955817675396459 0.11955817675396685 0.3704418232460324
0.5046987951807229 -0.40288517107050886 -0.08711482894921052 0.0871148289492131 0.40288517107051086 -0.3681361714649232 -0.12186382853507578 0.12186382853507392 0.3681361714649209
0.5049397590361446 -0.3995814151581623 -0.09041858486161423 0.09041858486161385 0.3995814151581621 -0.3657559775438813 -0.12424402245611857 0.12424402245611764 0.3657559775438806
0.5051807228915662 -0.3962388747663811 -0.09376112525344128 0.09376112525344187 0.39623887476637876 -0.36330566012270105 -0.1266943398773006 0.12669433987730142 0.36330566012269927
0.505421686746988 -0.3928619190726342 -0.09713808094723517 0.09713808094723284 0.3928619190726286 -0.3607894419934375 -0.1292105580065664 0.1292105580065649 0.36078944199343455
0.5056626506024097 -0.38945440482925286 -0.10054559519065144 0.10054559519065717 0.3894544048292584 -0.3582113487674562 -0.1317886512325441 0.13178865123254732 0.3582113487674555
0.5059036144578313 -0.38601975164295466 -0.1039802483769901 0.10398024837698998 0.386019751642958 -0.35557521077847815 -0.1344247892215209 0.13442478922152176 0.35557521077847737
0.506144578313253 -0.3825610067687783 -0.10743899325120859 0.10743899325120641 0.3825610067687789 -0.35288466765947457 -0.13711533234052595 0.13711533234052675 0.3528846676594741
0.5063855421686747 -0.37908090098729097 -0.11091909903272831 0.11091909903273245 0.3790809009872919 -0.3501431751108258 -0.13985682488917428 0.13985682488917373 0.35014317511082466
0.5066265060240964 -0.3755818969841116 -0.11441810303594005 0.11441810303594242 0.3755818969841141 -0.34735401346418227 -0.1426459865358145 0.14264598653581514 0.347354013464186
0.506867469879518 -0.37206623149433316 -0.11793376852575377 0.11793376852575412 0.37206623149433216 -0.34452029772593856 -0.14547970227406068 0.14547970227406046 0.3445202977259397
0.5071084337349397 -0.3685359523306078 -0.12146404768950947 0.12146404768950868 0.3685359523306068 -0.3416449888757436 -0.1483550111242547 0.14835501112425586 0.34164498887574435
0.5073493975903615 -0.3649929512859019 -0.12500704873424434 0.1250070487342436 0.36499295128590126 -0.33873090627357233 -0.15126909372643127 0.15126909372642702 0.33873090627356955
0.5075903614457832 -0.36143899379957806 -0.12856100622059066 0.12856100622059127 0.36143899379957867 -0.3357807411224314 -0.15421925887756968 0.1542192588775705 0.3357807411224294
0.5078313253012048 -0.3578757461965174 -0.13212425382367465 0.13212425382367662 0.35787574619652246 -0.3327970710212177 -0.15720292897878183 0.15720292897877994 0.3327970710212166
0.5080722891566265 -0.35430480125816544 -0.13569519876205302 0.13569519876205652 0.35430480125816777 -0.329782375747047 -0.16021762425295585 0.16021762425295494 0.3297823757470447
0.5083132530120482 -0.3507277028610451 -0.1392722971591937 0.13927229715919637 0.3507277028610479 -0.3267390545208868 -0.16326094547911088 0.16326094547911146 0.32673905452088675
0.5085542168674699 -0.347145970427771 -0.1428540295924957 0.14285402959249568 0.34714597042776957 -0.3236694451584508 -0.16633055484154868 0.1663305548415487 0.3236694451584529
0.5087951807228915 -0.3435611239792592 -0.14643887604102623 0.1464388760410299 0.3435611239792597 -0.32057584568709324 -0.16942415431290364 0.1694241543129042 0.3205758456870952
0.5090361445783133 -0.3399747106647744 -0.15002528935553378 0.15002528935553405 0.33997471066477375 -0.317460539254288 -0.17253946074571103 0.1725394607457106 0.3174605392542899
0.509277108433735 -0.33638833378702093 -0.15361166623330566 0.1536116662333055 0.33638833378702254 -0.3143258234856351 -0.17567417651436446 0.17567417651436404 0.3143258234856379
0.5095180722891567 -0.33280368554831763 -0.1571963144720283 0.1571963144720272 0.3328036855483176 -0.31117404590981984 -0.1788259540901794 0.17882595409017837 0.31117404590981973
0.5097590361445783 -0.3292225850447377 -0.16077741497562545 0.16077741497562503 0.32922258504473756 -0.30800764773584566 -0.181992352264153 0.18199235226415159 0.3080076477358456
0.51 -0.32564702345844737 -0.1643529765619298 0.16435297656193013 0.32564702345844987 -0.304829219230105 -0.18517078076989615 0.18517078076989626 0.30482921923010275
0.5102409638554217 -0.32207921899250946 -0.16792078102788685 0.16792078102788938 0.3220792189925086 -0.3016415713784013 -0.1883584286216005 0.18835842862160207 0.3016415713783991
0.5104819277108433 -0.31852168492364147 -0.1714783150967715 0.17147831509677422 0.31852168492364097 -0.29844783067999403 -0.19155216932000574 0.19155216932000396 0.298447830679996
0.510722891566265 -0.31497731531457585 -0.17502268470585192 0.17502268470585464 0.3149773153145756 -0.2952515672451704 -0.19474843275483075 0.1947484327548305 0.2952515672451692
0.5109638554216868 -0.3114494945689108 -0.17855050545153164 0.17855050545153453 0.311449494568914 -0.29205697156451393 -0.19794302843548803 0.19794302843548597 0.29205697156451194
0.5112048192771085 -0.30794223932897374 -0.18205776069148358 0.18205776069148766 0.3079422393289735 -0.28886910357409773 -0.20113089642590024 0.2011308964259007 0.288869103574098
0.5114457831325301 -0.3044603844976343 -0.1855396155228403 0.18553961552283718 0.30446038449763557 -0.2856942510006714 -0.2043057489993316 0.20430574899932985 0.285694251000672
0.5116867469879518 -0.3010098298036314 -0.18899017021685655 0.18899017021685516 0.3010098298036325 -0.28254045591056304 -0.20745954408944228 0.20745954408943953 0.282540455910559
0.5119277108433735 -0.29759786985190545 -0.1924021301685978 0.19240213016859975 0.2975978698519035 -0.27941830483743024 -0.2105816951625725 0.21058169516257025 0.2794183048374281
0.5121686746987952 -0.2942336396262936 -0.19576636039422096 0.19576636039422068 0.2942336396262944 -0.27634213867682106 -0.21365786132317868 0.21365786132318162 0.27634213867682195
0.5124096385542168 -0.290928719496793 -0.1990712805237339 0.19907128052373355 0.29092871949679344 -0.27333193865770056 -0.21666806134229835 0.21666806134229677 0.27333193865770056
0.5126506024096386 -0.2876979588603151 -0.2023020411602311 0.20230204116022682 0.28769795886030924 -0.27041630117259813 -0.2195836988274039 0.21958369882740283 0.2704163011725953
0.5128915662650603 -0.2845605934267731 -0.20543940659377907 0.20543940659377935 0.2845605934267721 -0.2676371220140809 -0.2223628779859175 0.22236287798591703 0.2676371220140821
0.513132530120482 -0.2815417398801454 -0.20845826014042232 0.20845826014041696 0.28154173988014475 -0.26505673703622384 -0.2249432629637768 0.2249432629637782 0.2650567370362236
0.5133734939759036 -0.2786743312302573 -0.21132566879031747 0.21132566879031736 0.2786743312302587 -0.2627676960943812 -0.2272323039056198 0.22723230390561847 0.2627676960943805
0.5136144578313253 -0.27600145488474287 -0.21399854513584632 0.21399854513584698 0.27600145488474187 -0.26090216203882144 -0.22909783796118308 0.2290978379611781 0.26090216203881594
0.513855421686747 -0.27357876971833234 -0.2164212303022678 0.21642123030226684 0.2735787697183334 -0.25962884631575694 -0.2303711536842427 0.23037115368424507 0.259628846315759
0.5140963855421687 -0.27147605237725275 -0.2185239476433625 0.2185239476433594 0.27147605237724975 -0.25911434702627284 -0.23088565297373057 0.23088565297372796 0.2591143470262706
0.5143373493975903 -0.26977587916724294 -0.22022412085337778 0.22022412085338003 0.2697758791672443 -0.2594446596355285 -0.23055534036446954 0.2305553403644699 0.2594446596355319
0.5145783132530121 -0.26856646133439943 -0.22143353868623772 0.22143353868623455 0.2685664613343969 -0.2605699121494347 -0.22943008785056596 0.2294300878505644 0.2605699121494314
0.5148192771084338 -0.2679264518651069 -0.22207354815554406 0.22207354815554303 0.26792645186510566 -0.2623389797230708 -0.22766102027692892 0.22766102027692953 0.26233897972306836
0.5150602409638554 -0.267904397796517 -0.22209560222413868 0.22209560222414076 0.2679043977965184 -0.26458036854279454 -0.22541963145720664 0.2254196314572066 0.2645803685427939
0.5153012048192771 -0.2685026990745851 -0.22149730094608427 0.22149730094608325 0.26850269907458485 -0.2671528251377358 -0.22284717486226005 0.2228471748622644 0.2671528251377429
0.5155421686746988 -0.2696768265460764 -0.2203231734746044 0.22032317347460406 0.2696768265460757 -0.2699553532954776 -0.22004464670452512 0.22004464670452395 0.26995535329547404
0.5157831325301205 -0.27135036779057514 -0.21864963223011805 0.21864963223011588 0.2713503677905733 -0.27291954722236844 -0.21708045277762986 0.2170804527776316 0.27291954722237144
0.5160240963855421 -0.27343563819867595 -0.2165643618220203 0.21656436182202224 0.2734356381986802 -0.27599954258047377 -0.21400045741952983 0.2140004574195265 0.2759995425804703
0.5162650602409639 -0.2758495332992034 -0.21415046672150864 0.21415046672150917 0.2758495332992035 -0.2791642505463019 -0.21083574945370095 0.2108357494536991 0.2791642505462996
0.5165060240963856 -0.27852134075892065 -0.21147865926180273 0.2114786592618031 0.27852134075892154 -0.282392165096994 -0.207607834903007 0.2076078349030055 0.2823921650969914
0.5167469879518073 -0.28139445053848067 -0.20860554948225357 0.20860554948225382 0.2813944505384836 -0.2856680473735342 -0.2043319526264663 0.2043319526264662 0.2856680473735316
0.5169879518072289 -0.2844249755378565 -0.20557502448289106 0.20557502448288967 0.2844249755378565 -0.2889808248850309 -0.20101917511497058 0.20101917511496972 0.2889808248850314
0.5172289156626506 -0.2875793741241925 -0.20242062589656265 0.20242062589656235 0.28757937412419515 -0.2923222483906995 -0.1976777516093026 0.19767775160929982 0.29232224839069687
0.5174698795180723 -0.2908320975046819 -0.19916790251608643 0.19916790251608837 0.29083209750468136 -0.2956860189883402 -0.19431398101165978 0.1943139810116589 0.2956860189883389
0.517710843373494 -0.2941636240411389 -0.19583637597963896 0.19583637597964182 0.2941636240411397 -0.29906720965397326 -0.19093279034603042 0.19093279034602736 0.29906720965396827
0.5179518072289157 -0.2975589345434127 -0.19244106547737413 0.1924410654773768 0.29755893454341537 -0.3024618739953177 -0.1875381260046798 0.1875381260046816 0.3024618739953184
0.5181927710843374 -0.30100637037261146 -0.18899362964818792 0.18899362964818794 0.30100637037261335 -0.30586677615011937 -0.1841332238498813 0.18413322384988223 0.3058667761501177
0.5184337349397591 -0.30449679129192264 -0.1855032087288909 0.18550320872889034 0.30449679129192253 -0.309279200508645 -0.18072079949135592 0.18072079949135555 0.3092792005086454
0.5186746987951807 -0.3080229572188654 -0.18197704280195934 0.18197704280196145 0.30802295721886475 -0.31269681496059026 -0.17730318503940742 0.17730318503941142 0.3126968149605895
0.5189156626506024 -0.3115790736279722 -0.17842092639286447 0.17842092639286397 0.31157907362797244 -0.3161175706233008 -0.1738824293766995 0.17388242937670048 0.3161175706233031
0.5191566265060241 -0.3151604555518297 -0.174839544469016 0.1748395444690177 0.31516045555183064 -0.3195396267988228 -0.17046037320117777 0.17046037320117804 0.3195396267988227
0.5193975903614458 -0.31876327743773913 -0.17123672258312164 0.17123672258311637 0.31876327743773913 -0.3229612935980241 -0.16703870640197752 0.16703870640197666 0.32296129359802245
0.5196385542168674 -0.3223843853563548 -0.16761561466451527 0.16761561466451597 0.32238438535635544 -0.32638098705700386 -0.16361901294299483 0.1636190129429979 0.3263809870570024
0.5198795180722892 -0.32602115475014837 -0.16397884527073442 0.1639788452707352 0.3260211547501494 -0.32979719313968214 -0.1602028068603175 0.16020280686031735 0.32979719313968436
0.5201204819277109 -0.3296713816805319 -0.16032861834036705 0.1603286183403621 0.3296713816805299 -0.333208438069886 -0.1567915619301121 0.15679156193011454 0.33320843806988365
0.5203614457831326 -0.33333319890681623 -0.15666680111409056 0.1566668011140888 0.33333319890681684 -0.3366132631406396 -0.15338673685935966 0.15338673685936005 0.3366132631406414
0.5206024096385542 -0.33700501052208903 -0.15299498949882806 0.15299498949883017 0.3370050105220896 -0.34001020263452 -0.14998979736547752 0.14998979736548146 0.3400102026345197
0.5208433734939759 -0.3406854405662341 -0.14931455945469727 0.14931455945469566 0.3406854405662352 -0.34339776382060466 -0.14660223617939425 0.14660223617939713 0.3433977638206035
0.5210843373493976 -0.34437329224643887 -0.1456267077745029 0.14562670777450362 0.3443732922464375 -0.34677440822387795 -0.1432255917761212 0.14322559177612287 0.3467744082238761
0.5213253012048193 -0.3480675152640336 -0.14193248475692405 0.14193248475692288 0.34806751526403196 -0.3501385335231448 -0.13986146647685505 0.13986146647685488 0.35013853352314456
0.521566265060241 -0.35176717937368795 -0.13823282064727946 0.13823282064727965 0.3517671793736849 -0.3534884555436006 -0.13651154445640065 0.13651154445639932 0.3534884555435984
0.5218072289156627 -0.35547145275634495 -0.134528547264635 0.1345285472646327 0.3554714527563425 -0.35682238988415343 -0.13317761011584736 0.13317761011584542 0.35682238988415393
0.5220481927710844 -0.35917958412111295 -0.13082041589987836 0.1308204158998767 0.35917958412111434 -0.3601384327700226 -0.12986156722997388 0.12986156722997858 0.3601384327700236
0.522289156626506 -0.3628908876950893 -0.1271091123259102 0.12710911232591285 0.3628908876950912 -0.3634345407519686 -0.12656545924803092 0.1265654592480306 0.36343454075196996
0.5225301204819277 -0.3666047304403448 -0.12339526958066915 0.12339526958066935 0.3666047304403436 -0.3667085088933408 -0.12329149110666118 0.12329149110666 0.36670850889333984
0.5227710843373494 -0.3703205209681005 -0.11967947905292525 0.11967947905292367 0.3703205209681002 -0.36995794709724017 -0.12004205290275984 0.1200420529027587 0.36995794709723934
0.5230120481927711 -0.3740376997156543 -0.11596230030538328 0.11596230030538358 0.3740376997156524 -0.3731802542349439 -0.11681974576505455 0.11681974576505522 0.3731802542349455
0.5232530120481927 -0.3777557300175761 -0.11224427000347173 0.11224427000346963 0.3777557300175736 -0.3763725897458613 -0.11362741025413897 0.11362741025413846 0.3763725897458623
0.5234939759036145 -0.38147408974647834 -0.10852591027457704 0.10852591027457893 0.3814740897464767 -0.3795318423965781 -0.11046815760342281 0.11046815760342185 0.37953184239657745
0.5237349397590362 -0.3851922632213157 -0.10480773679974889 0.10480773679974893 0.38519226322131717 -0.3826545959158162 -0.10734540408418328 0.10734540408418496 0.3826545959158133
0.5239759036144579 -0.3889097330867578 -0.10109026693431539 0.10109026693431608 0.3889097330867562 -0.38573709127624545 -0.10426290872375579 0.10426290872375421 0.38573709127624234
0.5242168674698795 -0.39262597185156944 -0.09737402816950864 0.09737402816951007 0.39262597185156906 -0.38877518547955475 -0.10122481452044599 0.10122481452044596 0.3887751854795556
0.5244578313253012 -0.39634043273910063 -0.09365956728198323 0.09365956728198307 0.39634043273909814 -0.3917643068395667 -0.09823569316043355 0.09823569316043476 0.3917643068395695
0.5246987951807229 -0.40005253944065094 -0.08994746058043673 0.08994746058043801 0.40005253944064617 -0.39469940696228967 -0.09530059303770999 0.09530059303771113 0.39469940696228895
0.5249397590361446 -0.4037616742671995 -0.08623832575388694 0.08623832575388646 0.40376167426719994 -0.39757490992287514 -0.09242509007712843 0.09242509007712554 0.39757490992287514
0.5251807228915663 -0.40746716405324085 -0.08253283596784189 0.08253283596784035 0.4074671640532398 -0.4003846595608038 -0.08961534043919755 0.08961534043919524 0.4003846595608053
0.525421686746988 -0.4111682629612748 -0.07883173705980087 0.0788317370598015 0.4111682629612756 -0.4031218663960366 -0.08687813360396318 0.08687813360396372 0.403121866396037
0.5256626506024097 -0.4148641310369205 -0.07513586898414984 0.0751358689841463 0.41486413103691494 -0.4057790564421405 -0.08422094355785997 0.08422094355786194 0.40577905644214124
0.5259036144578313 -0.4185538069269562 -0.07144619309409488 0.07144619309409213 0.41855380692695626 -0.40834802518452823 -0.08165197481547053 0.08165197481547183 0.40834802518452845
0.526144578313253 -0.4222361725317694 -0.06776382748926074 0.06776382748926009 0.4222361725317702 -0.4108198012282425 -0.07918019877175522 0.07918019877175694 0.410819801228243
0.5263855421686747 -0.42590990640185983 -0.0640900936191336 0.0640900936191354 0.42590990640186 -0.41318462556832447 -0.07681537443167677 0.07681537443167412 0.4131846255683227
0.5266265060240964 -0.42957342123272524 -0.060426578788230226 0.06042657878823122 0.4295734212327262 -0.41543195402744293 -0.07456804597255842 0.07456804597255784 0.41543195402744093
0.526867469879518 -0.4332247785680425 -0.05677522145286333 0.05677522145286188 0.4332247785680398 -0.4175504919722544 -0.07244950802774507 0.07244950802774601 0.4175504919722587
0.5271084337349398 -0.43686157029286227 -0.05313842972796988 0.05313842972797072 0.43686157029286177 -0.41952827165894946 -0.07047172834105161 0.07047172834105027 0.41952827165894774
0.5273493975903615 -0.4404807508434025 -0.04951924917734114 0.04951924917733984 0.4404807508434021 -0.42135278303253515 -0.06864721696746423 0.06864721696746377 0.4213527830325356
0.5275903614457832 -0.44407839479995076 -0.04592160522068319 0.04592160522067845 0.44407839479994626 -0.42301116791113097 -0.06698883208886985 0.06698883208886716 0.42301116791113325
0.5278313253012048 -0.4476493390170966 -0.042350661003383375 0.04235066100338208 0.4476493390170949 -0.42449048456179894 -0.06550951543819941 0.06550951543820159 0.4244904845617956
0.5280722891566265 -0.45118664188179486 -0.0388133581384937 0.03881335813849292 0.4511866418817967 -0.4257780441373599 -0.06422195586263922 0.06422195586263947 0.42577804413736076
0.5283132530120482 -0.45468074579272755 -0.03531925422731218 0.035319254227313655 0.4546807457927333 -0.4268618120665886 -0.06313818793341079 0.06313818793341418 0.4268618120665835
0.52855421686747 -0.4581181461214754 -0.031881853898243634 0.03188185389824169 0.45811814612147367 -0.4277308567635201 -0.06226914323648218 0.062269143236481785 0.42773085676351785
0.5287951807228916 -0.4614792210866716 -0.028520778932618337 0.02852077893261936 0.4614792210866715 -0.4283758163751342 -0.06162418362486584 0.06162418362486578 0.4283758163751352
0.5290361445783133 -0.4647346133576135 -0.025265386661113172 0.025265386661111656 0.46473461335761235 -0.42878934418159476 -0.06121065581840784 0.06121065581840465 0.4287893441815937
0.529277108433735 -0.46783912041863734 -0.02216087959932689 0.022160879599328404 0.4678391204186393 -0.4289664876827814 -0.06103351231721994 0.06103351231721902 0.4289664876827792
0.5295180722891566 -0.47072151281499 -0.01927848720195918 0.01927848720196143 0.4707215128149897 -0.4289049580048319 -0.061095041995169574 0.061095041995167104 0.42890495800483003
0.5297590361445783 -0.473268881268311 -0.016731118747304884 0.0167311187473064 0.4732688812683108 -0.42860525619195616 -0.061394743808043474 0.06139474380804503 0.4286052561919562
0.53 -0.47530875908168685 -0.01469124093227317 0.014691240932275664 0.47530875908168746 -0.4280706400482804 -0.061929359951717354 0.06192935995171931 0.42807064004828094
0.5302409638554217 -0.47661057666469725 -0.01338942334748189 0.013389423347482445 0.4766105766646982 -0.42730693598531 -0.0626930640146908 0.0626930640146875 0.4273069359853085
0.5304819277108433 -0.47695527292049944 -0.013044727090213978 0.013044727090212956 0.4769552729204955 -0.4263222201115212 -0.06367777988847921 0.0636777798884794 0.42632222011152116
0.5307228915662651 -0.4762744204711381 -0.013725579538823262 0.013725579538825748 0.47627442047113716 -0.42512640713100697 -0.06487359286899358 0.06487359286899416 0.42512640713100525
0.5309638554216868 -0.4747080979180427 -0.015291902091867217 0.01529190209186638 0.4747080979180424 -0.42373079202643305 -0.06626920797356665 0.06626920797356597 0.423730792026434
0.5312048192771085 -0.4724958913220681 -0.017504108688175035 0.017504108688173994 0.4724958913220655 -0.422147587805063 -0.06785241219493396 0.06785241219493414 0.42214758780506484
0.5314457831325301 -0.46985270955261815 -0.02014729045809021 0.020147290458090508 0.46985270955261843 -0.4203894947406763 -0.06961050525932232 0.06961050525932436 0.4203894947406788
0.5316867469879518 -0.4669292899944017 -0.023070710016777168 0.023070710016773383 0.46692928999439615 -0.4184693254662943 -0.07153067453370998 0.07153067453370665 0.41846932546629034
0.5319277108433735 -0.46382228277397325 -0.0261777172376274 0.02617771723762985 0.4638222827739709 -0.41639969880125854 -0.07360030119874073 0.07360030119873988 0.41639969880126176
0.5321686746987953 -0.46059263149693863 -0.02940736851503048 0.029407368515030778 0.46059263149693863 -0.41419280538318987 -0.0758071946168121 0.07580719461681167 0.4141928053831867
0.5324096385542169 -0.4572793514627513 -0.03272064854953674 0.0327206485495346 0.4572793514627469 -0.41186024099593227 -0.0781397590040698 0.0781397590040696 0.41186024099592916
0.5326506024096386 -0.45390811919972335 -0.03609188081282605 0.036091880812830754 0.4539081191997305 -0.4094128991325115 -0.08058710086748953 0.0805871008674886 0.4094128991325093
0.5328915662650603 -0.4504963753426968 -0.03950362467009276 0.039503624670095654 0.4504963753426958 -0.4068609123366803 -0.08313908766331655 0.08313908766331714 0.4068609123366817
0.533132530120482 -0.4470563536356616 -0.04294364637732827 0.04294364637732941 0.44705635363566015 -0.4042136316304833 -0.08578636836951783 0.08578636836951792 0.4042136316304825
0.5333734939759036 -0.44359691079827546 -0.04640308921488949 0.046403089214891426 0.44359691079827507 -0.4014796341864863 -0.08852036581351125 0.0885203658135109 0.40147963418648996
0.5336144578313253 -0.44012465937996553 -0.04987534063334675 0.049875340633349086 0.4401246593799685 -0.3986667508162676 -0.09133324918373002 0.09133324918373195 0.3986667508162703
0.533855421686747 -0.4366446879391434 -0.05335531207430969 0.05335531207431322 0.4366446879391429 -0.39578210644113665 -0.09421789355886534 0.0942178935588604 0.39578210644113615
0.5340963855421688 -0.4331610311563518 -0.056838968857219785 0.05683896885722099 0.433161031156348 -0.39283216824916717 -0.09716783175083198 0.09716783175083141 0.39283216824916917
0.5343373493975904 -0.42967698469792776 -0.06032301531574254 0.06032301531574464 0.42967698469793125 -0.38982279760034205 -0.10017720239965866 0.10017720239965813 0.3898227976003426
0.5345783132530121 -0.4261953214009034 -0.06380467861286451 0.06380467861286357 0.4261953214009006 -0.38675930286975857 -0.10324069713024024 0.1032406971302398 0.38675930286975896
0.5348192771084338 -0.4227184433465337 -0.06728155666731588 0.06728155666732047 0.4227184433465337 -0.3836464913131725 -0.1063535086868272 0.1063535086868266 0.38364649131317324
0.5350602409638554 -0.4192484914464699 -0.07075150856746032 0.07075150856745774 0.41924849144646703 -0.3804887187289675 -0.1095112812710257 0.1095112812710292 0.38048871872897294
0.5353012048192771 -0.4157874263795449 -0.07421257363445338 0.07421257363445057 0.4157874263795476 -0.3772899361972318 -0.11271006380277378 0.11271006380277067 0.3772899361972246
0.5355421686746988 -0.4123370899286608 -0.0776629100853966 0.0776629100853979 0.4123370899286598 -0.3740537335468889 -0.11594626645311334 0.11594626645311275 0.3740537335468872
0.5357831325301206 -0.4088992527578006 -0.08110074725631813 0.0811007472563188 0.408899252757799 -0.3707833794667 -0.11921662053329998 0.11921662053330023 0.37078337946669865
0.5360240963855422 -0.4054756527476276 -0.08452434726653667 0.0845243472665392 0.40547565274763236 -0.3674818583447599 -0.12251814165523818 0.12251814165523953 0.36748185834476327
0.5362650602409639 -0.4020680267481596 -0.08793197326605619 0.0879319732660557 0.40206802674816067 -0.36415190405271725 -0.12584809594728197 0.1258480959472819 0.36415190405271824
0.5365060240963856 -0.39867813777651095 -0.0913218622377465 0.09132186223774907 0.3986781377765119 -0.36079603096201845 -0.12920396903798761 0.129203969037984 0.36079603096201324
0.5367469879518073 -0.39530779912698094 -0.0946922008873187 0.09469220088732139 0.39530779912698205 -0.3574165625354795 -0.13258343746451698 0.1325834374645178 0.35741656253548176
0.5369879518072289 -0.39195889647523313 -0.09804110353910869 0.0980411035391119 0.39195889647523274 -0.35401565787406386 -0.13598434212593224 0.13598434212593566 0.35401565787406625
0.5372289156626506 -0.38863340879236363 -0.10136659122201346 0.10136659122200979 0.388633408792366 -0.35059533663359 -0.1394046633664083 0.13940466336640908 0.35059533663359094
0.5374698795180723 -0.38533342869739995 -0.10466657131700872 0.10466657131700854 0.3853334286973984 -0.34715750274910356 -0.1428424972508916 0.1428424972508929 0.34715750274910745
0.5377108433734941 -0.3820611827360319 -0.10793881727840485 0.10793881727840698 0.38206118273603307 -0.34370396745814397 -0.14629603254186135 0.14629603254185794 0.3437039674581387
0.5379518072289157 -0.3788190519771766 -0.11118094803729285 0.11118094803729156 0.37881905197717475 -0.3402364721551339 -0.1497635278448652 0.1497635278448665 0.3402364721551305
0.5381927710843374 -0.3756095932294279 -0.11439040678506297 0.11439040678506368 0.3756095932294269 -0.3367567117040553 -0.153243288295945 0.15324328829594755 0.33675671170405486
0.5384337349397591 -0.3724355611138904 -0.11756443890062691 0.1175644389006273 0.3724355611138893 -0.33326635894016704 -0.15673364105983356 0.15673364105983445 0.33326635894016493
0.5386746987951807 -0.3692999311623956 -0.12070006885214686 0.12070006885214449 0.3692999311623958 -0.3297670912627127 -0.16023290873728946 0.1602329087372843 0.3297670912627118
0.5389156626506024 -0.36620592403520946 -0.12379407597935296 0.12379407597934845 0.3662059240352092 -0.32626062045201787 -0.1637393795479828 0.16373937954798037 0.3262606204520176
0.5391566265060241 -0.36315703087425605 -0.12684296914032492 0.1268429691403272 0.36315703087425766 -0.3227487271803038 -0.1672512728196947 0.1672512728196984 0.3227487271803052
0.5393975903614459 -0.36015703970653457 -0.12984296030806683 0.1298429603080674 0.3601570397065312 -0.3192333021660083 -0.1707666978339913 0.17076669783399037 0.31923330216600754
0.5396385542168675 -0.35721006268447525 -0.13278993733014507 0.13278993733014424 0.35721006268447314 -0.31571639660849543 -0.17428360339150573 0.1742836033915051 0.3157163966084941
0.5398795180722892 -0.35432056379808524 -0.13567943621655068 0.1356794362165508 0.35432056379808413 -0.3122002855440958 -0.17779971445590134 0.1777997144559018 0.31220028554409984
0.5401204819277109 -0.35149338648440365 -0.13850661353024527 0.1385066135302493 0.3514933864844038 -0.3086875492346216 -0.18131245076537425 0.18131245076537414 0.30868754923462477
0.5403614457831326 -0.34873378032076674 -0.14126621969389824 0.14126621969389883 0.3487337803207684 -0.3051811798738877 -0.1848188201261119 0.1848188201261127 0.30518117987388615
0.5406024096385542 -0.34604742567244257 -0.14395257434223518 0.1439525743422363 0.3460474256724433 -0.3016847241747148 -0.18831527582528695 0.18831527582529106 0.30168472417471226
0.5408433734939759 -0.3434404548083516 -0.14655954520633957 0.1465595452063348 0.343440454808351 -0.29820247736656735 -0.19179752263343472 0.19179752263343558 0.2982024773665631
0.5410843373493976 -0.3409194675669218 -0.14908053244778313 0.14908053244777983 0.34091946756692004 -0.2947397517817921 -0.19526024821820828 0.19526024821820964 0.2947397517817925
0.5413253012048194 -0.3384915391890091 -0.1515084608257043 0.15150846082570193 0.3384915391890079 -0.2913032550921336 -0.19869674490786562 0.19869674490786554 0.29130325509213484
0.541566265060241 -0.3361642174398441 -0.15383578257487757 0.15383578257487837 0.3361642174398452 -0.28790163185259643 -0.2020983681474041 0.20209836814740179 0.28790163185259615
0.5418072289156627 -0.3339455056686515 -0.15605449434608357 0.15605449434608243 0.333945505668651 -0.28454625113415877 -0.2054537488658405 0.20545374886583928 0.28454625113415893
0.5420481927710844 -0.331843828082162 -0.15815617193258047 0.1581561719325814 0.33184382808216234 -0.2812523680551247 -0.20874763194487517 0.20874763194487955 0.281252368055124
0.542289156626506 -0.3298679733119724 -0.1601320267027773 0.16013202670277696 0.329867973311973 -0.2780408539562427 -0.21195914604375563 0.21195914604375693 0.27804085395624206
0.5425301204819277 -0.32802701248747784 -0.1619729875272778 0.16197298752727673 0.32802701248747873 -0.2749407794070347 -0.21505922059296348 0.21505922059296495 0.27494077940703704
0.5427710843373494 -0.3263301886044189 -0.1636698114103454 0.16366981141034426 0.3263301886044196 -0.2719932188954684 -0.21800678110452967 0.2180067811045268 0.27199321889547046
0.5430120481927712 -0.32478677517224386 -0.16521322484252854 0.16521322484252335 0.3247867751722403 -0.2692566004894948 -0.2207433995105052 0.2207433995105016 0.2692566004894948
0.5432530120481928 -0.32340590402051167 -0.16659409599426303 0.16659409599426409 0.3234059040205096 -0.26681334633408965 -0.2231866536659111 0.2231866536659099 0.26681334633408815
0.5434939759036145 -0.3221963647740529 -0.16780363524072597 0.16780363524072786 0.32219636477405345 -0.26477548091110836 -0.22522451908889016 0.2252245190888905 0.26477548091111064
0.5437349397590362 -0.32116638176917717 -0.16883361824560542 0.16883361824560605 0.3211663817691769 -0.26328211126480666 -0.22671788873519053 0.22671788873519183 0.2632821112648083
0.5439759036144579 -0.3203233777492922 -0.16967662226549501 0.16967662226549263 0.3203233777492929 -0.26247636426210935 -0.22752363573789366 0.22752363573789322 0.2624763642621071
0.5442168674698795 -0.31967373710650954 -0.17032626290827876 0.17032626290828004 0.31967373710650954 -0.26245651126658426 -0.2275434887334181 0.22754348873341715 0.26245651126658254
0.5444578313253012 -0.31922258403785503 -0.17077741597693552 0.1707774159769363 0.3192225840378548 -0.26322761707786685 -0.22677238292213256 0.22677238292213245 0.2632276170778683
0.544698795180723 -0.31897359214834586 -0.17102640786644832 0.17102640786644518 0.3189735921483442 -0.26469917230211354 -0.2253008276978831 0.22530082769788684 0.2646991723021149
0.5449397590361447 -0.3189288411901314 -0.1710711588246607 0.17107115882466176 0.31892884119013426 -0.2667311743719553 -0.22326882562804065 0.22326882562804246 0.26673117437195754
0.5451807228915663 -0.3190887336169003 -0.17091126639788798 0.17091126639789062 0.3190887336169033 -0.26918430734739895 -0.22081569265260292 0.22081569265260215 0.26918430734739623
0.545421686746988 -0.3194519786565951 -0.17054802135819613 0.17054802135819738 0.31945197865659736 -0.2719450929856164 -0.21805490701438465 0.21805490701438313 0.27194509298561537
0.5456626506024097 -0.32001564540488936 -0.1699843546099016 0.1699843546098974 0.3200156454048882 -0.2749296119472046 -0.21507038805279433 0.21507038805279613 0.2749296119472065
0.5459036144578313 -0.32077527996803024 -0.16922472004675654 0.16922472004675826 0.32077527996803196 -0.27807828769943643 -0.21192171230056345 0.21192171230056164 0.27807828769943926
0.546144578313253 -0.32172507605432243 -0.16827492396045893 0.1682749239604596 0.3217250760543251 -0.2813492743869375 -0.20865072561306003 0.2086507256130599 0.2813492743869382
0.5463855421686747 -0.32285808442837155 -0.1671419155864036 0.16714191558640495 0.3228580844283736 -0.28471303296956785 -0.20528696703042978 0.20528696703043112 0.2847130329695682
0.5466265060240965 -0.3241664448310446 -0.1658335551837297 0.16583355518372903 0.32416644483104146 -0.28814844659232225 -0.20185155340767663 0.20185155340767882 0.2881484465923233
0.5468674698795181 -0.3256416242366909 -0.16435837577807616 0.16435837577807413 0.3256416242366901 -0.2916401761020903 -0.19835982389790635 0.19835982389790766 0.29164017610209286
0.5471084337349398 -0.32727464736820144 -0.16272535264656063 0.16272535264655813 0.32727464736819906 -0.2951768875736631 -0.19482311242633735 0.19482311242633576 0.2951768875736633
0.5473493975903615 -0.3290563085042458 -0.1609436915105072 0.16094369151050747 0.3290563085042491 -0.29875006307418683 -0.1912499369258149 0.19124993692581388 0.29875006307418733
0.5475903614457832 -0.33097735719498966 -0.1590226428197515 0.1590226428197529 0.33097735719499133 -0.30235319542988104 -0.18764680457012012 0.1876468045701203 0.302353195429878
0.5478313253012048 -0.3330286539483113 -0.1569713460664205 0.15697134606641952 0.333028653948311 -0.3059812358634184 -0.18401876413658258 0.18401876413658322 0.3059812358634117
0.5480722891566265 -0.335201294894253 -0.1547987051204656 0.1547987051204673 0.33520129489425776 -0.30963020949415176 -0.18036979050585178 0.1803697905058512 0.30963020949414916
0.5483132530120483 -0.33748670666014063 -0.1525132933545648 0.1525132933545674 0.3374867066601413 -0.3132969435957885 -0.1767030564042098 0.17670305640421052 0.31329694359578986
0.54855421686747 -0.3398767142143495 -0.1501232858003438 0.15012328580034062 0.3398767142143487 -0.3169788726399103 -0.1730211273600903 0.173021127360089 0.3169788726399118
0.5487951807228916 -0.34236358525432004 -0.14763641476035602 0.1476364147603556 0.34236358525431965 -0.32067389636532 -0.1693261036346822 0.1693261036346794 0.3206738963653199
0.5490361445783133 -0.3449400550533961 -0.14505994496126073 0.14505994496126146 0.3449400550533985 -0.32438027499026667 -0.16561972500973843 0.16561972500973401 0.3243802749902641
0.549277108433735 -0.3475993356088483 -0.14240066440579274 0.1424006644057889 0.3475993356088501 -0.32809655079251404 -0.16190344920748725 0.16190344920748448 0.3280965507925127
0.5495180722891566 -0.35033511263005196 -0.13966488738456537 0.13966488738456287 0.3503351126300531 -0.33182148864989913 -0.15817851135010405 0.1581785113501013 0.3318214886498993
0.5497590361445783 -0.3531415334714038 -0.13685846654318948 0.13685846654318876 0.3531415334714039 -0.33555403037795317 -0.1544459696220423 0.15444596962204912 0.3355540303779519
0.55 -0.3560131886233435 -0.13398681139122492 0.13398681139122526 0.3560131886233432 -0.33929325921472026 -0.1507067407852787 0.1507067407852818 0.339293259214721
