0.000000000000000000e+00 0.000000000000000000e+00
2.355712603062426191e-01 0.000000000000000000e+00
4.711425206124852383e-01 0.000000000000000000e+00
7.067137809187279407e-01 0.000000000000000000e+00
9.422850412249704766e-01 0.000000000000000000e+00
1.177856301531213123e+00 0.000000000000000000e+00
1.413427561837455881e+00 0.000000000000000000e+00
1.648998822143698417e+00 0.000000000000000000e+00
1.884570082449940953e+00 0.000000000000000000e+00
2.120141342756183711e+00 0.000000000000000000e+00
2.355712603062426247e+00 0.000000000000000000e+00
2.591283863368668783e+00 0.000000000000000000e+00
2.826855123674911763e+00 0.000000000000000000e+00
3.062426383981154299e+00 0.000000000000000000e+00
3.297997644287396835e+00 0.000000000000000000e+00
3.533568904593638926e+00 0.000000000000000000e+00
3.769140164899881906e+00 0.000000000000000000e+00
4.004711425206124886e+00 0.000000000000000000e+00
4.240282685512367422e+00 0.000000000000000000e+00
4.475853945818609958e+00 4.461292826180386898e-08
4.711425206124852494e+00 2.118542808826738659e-07
4.946996466431095030e+00 4.896766053707545741e-07
5.182567726737337566e+00 8.441786289433834534e-07
5.418138987043580101e+00 1.221870176887698495e-06
5.653710247349823526e+00 1.555788210779717335e-06
5.889281507656065173e+00 1.777056826200741071e-06
6.124852767962308597e+00 1.830429523862115775e-06
6.360424028268550245e+00 1.690810965210289314e-06
6.595995288574793669e+00 1.376809565713897965e-06
6.831566548881036205e+00 9.573950450579155160e-07
7.067137809187277853e+00 5.487826358291588025e-07
7.302709069493521277e+00 3.005055306390319038e-07
7.538280329799763813e+00 3.719254318254730126e-07
7.773851590106007237e+00 9.028415821608677806e-07
8.009422850412249772e+00 1.983994427938082833e-06
8.244994110718490532e+00 3.634449300104103729e-06
8.480565371024734844e+00 5.792196394307238802e-06
8.716136631330977380e+00 8.321276524076960806e-06
8.951707891637219916e+00 1.103391089813480770e-05
9.187279151943460676e+00 1.372133739614199655e-05
9.422850412249704988e+00 1.618462266666577284e-05
9.658421672555947524e+00 1.825786833481586027e-05
9.893992932862190059e+00 1.982028606154175035e-05
1.012956419316843260e+01 2.079832994296124091e-05
1.036513545347467513e+01 2.116217258090526696e-05
1.060070671378091767e+01 2.092121489931142146e-05
1.083627797408716020e+01 2.012155070009282302e-05
1.107184923439340274e+01 1.884580622268373343e-05
1.130742049469964705e+01 1.721389810833918584e-05
1.154299175500588781e+01 1.538261955861279691e-05
1.177856301531213035e+01 1.354240826223327524e-05
1.201413427561837466e+01 1.191058418425989867e-05
1.224970553592461719e+01 1.072118969538603139e-05
1.248527679623085795e+01 1.021200205681482670e-05
1.272084805653710049e+01 1.060933637832598554e-05
1.295641931684334303e+01 1.211109351385405278e-05
1.319199057714958734e+01 1.486842462382161760e-05
1.342756183745582810e+01 1.896655880700409539e-05
1.366313309776207241e+01 2.440606314559458454e-05
1.389870435806831495e+01 3.108668105607272363e-05
1.413427561837455571e+01 3.879638431767432955e-05
1.436984687868080002e+01 4.720957117310018515e-05
1.460541813898704255e+01 5.589785142424836926e-05
1.484098939929328687e+01 6.435577039825892960e-05
1.507656065959952763e+01 7.204157685673956456e-05
1.531213191990577016e+01 7.843010043053044830e-05
1.554770318021201447e+01 8.307161353264790873e-05
1.578327444051825523e+01 8.564831622880611148e-05
1.601884570082449954e+01 8.601977502885708191e-05
1.625441696113074030e+01 8.425071397163347092e-05
1.648998822143698106e+01 8.061839343025536747e-05
1.672555948174322538e+01 7.560071378688870702e-05
1.696113074204946969e+01 6.984807197626736639e-05
1.719670200235571400e+01 6.414079206571517318e-05
1.743227326266195476e+01 5.933080150611643708e-05
1.766784452296819552e+01 5.626448754193543459e-05
1.790341578327443983e+01 5.568689812234397347e-05
1.813898704358068059e+01 5.813635131567860902e-05
1.837455830388692135e+01 6.384910542836169721e-05
1.861012956419316566e+01 7.269910055646707327e-05
1.884570082449940998e+01 8.419269226681809829e-05
1.908127208480565429e+01 9.752352657999847202e-05
1.931684334511189505e+01 1.116752704143468973e-04
1.955241460541813581e+01 1.255484488174221224e-04
1.978798586572438012e+01 1.380868237961656070e-04
2.002355712603062088e+01 1.483864861768272026e-04
2.025912838633686519e+01 1.557808500169779770e-04
2.049469964664310950e+01 1.599013310810224874e-04
2.073027090694935026e+01 1.607147095554385815e-04
2.096584216725559457e+01 1.585360053126177516e-04
2.120141342756183533e+01 1.540135678019571624e-04
2.143698468786807965e+01 1.480833987246043843e-04
2.167255594817432041e+01 1.418927985935736376e-04
2.190812720848056117e+01 1.366979870974935557e-04
2.214369846878680548e+01 1.337446890287313274e-04
2.237926972909304979e+01 1.341435775590220445e-04
2.261484098939929410e+01 1.387535137388220500e-04
2.285041224970553486e+01 1.480849504480522525e-04
2.308598351001177562e+01 1.622341056705540454e-04
2.332155477031801993e+01 1.808559253245399479e-04
2.355712603062426069e+01 2.031805873114987942e-04
2.379269729093050501e+01 2.280756929291762243e-04
2.402826855123674932e+01 2.541507125752366886e-04
2.426383981154299008e+01 2.798945557777465115e-04
2.449941107184923439e+01 3.038351618364266591e-04
2.473498233215547515e+01 3.247027847397643361e-04
2.497055359246171591e+01 3.415763213004653024e-04
2.520612485276795667e+01 3.539916550421116502e-04
2.544169611307420098e+01 3.619951505849448967e-04
2.567726737338044529e+01 3.661333715466329642e-04
2.591283863368668605e+01 3.673822079769787112e-04
2.614840989399293036e+01 3.670318900115129780e-04
2.638398115429917468e+01 3.665546252793851819e-04
2.661955241460541899e+01 3.674841123246645508e-04
2.685512367491165620e+01 3.713278511924672227e-04
2.709069493521790051e+01 3.795150519909878777e-04
2.732626619552414482e+01 3.933616728050871457e-04
2.756183745583038558e+01 4.140202114407370675e-04
2.779740871613662989e+01 4.423846915395934776e-04
2.803297997644287420e+01 4.789429510222155645e-04
2.826855123674911141e+01 5.236006109926398793e-04
2.850412249705535572e+01 5.755284581899335408e-04
2.873969375736160003e+01 6.330930814027808289e-04
2.897526501766784435e+01 6.939147057530563757e-04
2.921083627797408511e+01 7.550634455287399223e-04
2.944640753828032942e+01 8.133695107428012263e-04
2.968197879858657373e+01 8.657965394771698076e-04
2.991755005889281094e+01 9.098152666847609876e-04
3.015312131919905525e+01 9.437160571423165289e-04
3.038869257950529956e+01 9.668099152937288361e-04
3.062426383981154032e+01 9.794855627724755303e-04
3.085983510011778463e+01 9.831130249958238559e-04
3.109540636042402895e+01 9.798091341445447529e-04
3.133097762073026615e+01 9.721032017444611838e-04
3.156654888103651047e+01 9.625571362044544601e-04
3.180212014134275478e+01 9.534001778366844784e-04
3.203769140164899909e+01 9.462335167205637894e-04
3.227326266195523630e+01 9.418462175992359199e-04
3.250883392226148061e+01 9.401645025702180325e-04
3.274440518256772492e+01 9.403352453426025047e-04
3.297997644287396213e+01 9.409247135045807143e-04
3.321554770318020644e+01 9.401975481309911547e-04
3.345111896348645075e+01 9.364303439957375255e-04
3.368669022379269506e+01 9.282119524550338629e-04
3.392226148409893938e+01 9.146817248611984960e-04
3.415783274440518369e+01 8.956758751251843063e-04
3.439340400471142800e+01 8.717610344758329726e-04
3.462897526501766521e+01 8.441628212487522435e-04
3.486454652532390952e+01 8.146164575152121251e-04
3.510011778563015383e+01 7.851884664775679763e-04
3.533568904593639104e+01 7.581301313186329226e-04
3.557126030624263535e+01 7.358224355021708010e-04
3.580683156654887966e+01 7.208538602548448214e-04
3.604240282685511687e+01 7.162357953532828706e-04
3.627797408716136118e+01 7.257093851684118680e-04
3.651354534746760550e+01 7.540432343843342378e-04
3.674911660777384270e+01 8.071806627520598364e-04
3.698468786808008701e+01 8.920878705205822264e-04
3.722025912838633133e+01 1.016195358315246083e-03
3.745583038869257564e+01 1.186415657839123144e-03
3.769140164899881995e+01 1.407843421690679756e-03
3.792697290930506426e+01 1.682365164257121912e-03
3.816254416961130858e+01 2.007485583617579436e-03
3.839811542991754578e+01 2.375684522465372917e-03
3.863368669022379009e+01 2.774541307779329526e-03
3.886925795053003441e+01 3.187714155760361118e-03
3.910482921083627161e+01 3.596671823056628997e-03
3.934040047114251593e+01 3.982887651595335039e-03
3.957597173144876024e+01 4.330073700094757595e-03
3.981154299175500455e+01 4.625999904182520085e-03
4.004711425206124176e+01 4.863531950928596213e-03
4.028268551236748607e+01 5.040714909472214511e-03
4.051825677267373038e+01 5.159971446619088242e-03
4.075382803297997469e+01 5.226698018027636783e-03
4.098939929328621901e+01 5.247664765303721411e-03
4.122497055359246332e+01 5.229625942624243316e-03
4.146054181389870052e+01 5.178441812933189288e-03
4.169611307420494484e+01 5.098847172574161660e-03
4.193168433451118915e+01 4.994824933274496885e-03
4.216725559481742636e+01 4.870401699767360273e-03
4.240282685512367067e+01 4.730600549572080288e-03
4.263839811542991498e+01 4.582266077964656202e-03
4.287396937573615929e+01 4.434510344583205733e-03
4.310954063604239650e+01 4.298600822138725665e-03
4.334511189634864081e+01 4.187218235869516123e-03
4.358068315665488512e+01 4.113127806111914475e-03
4.381625441696112233e+01 4.087420844598674448e-03
4.405182567726736664e+01 4.117582392559654761e-03
4.428739693757361096e+01 4.205720574933516191e-03
4.452296819787985527e+01 4.347302064214822633e-03
4.475853945818609958e+01 4.530724556829867668e-03
4.499411071849234389e+01 4.737972213376923786e-03
4.522968197879858820e+01 4.946459459621829584e-03
4.546525323910482541e+01 5.131989298356255495e-03
4.570082449941106972e+01 5.272548005971668637e-03
4.593639575971731404e+01 5.352461804666663360e-03
4.617196702002355124e+01 5.366291229810663151e-03
4.640753828032979555e+01 5.321777065906295803e-03
4.664310954063603987e+01 5.241210749579248984e-03
4.687868080094227707e+01 5.160789461960030820e-03
4.711425206124852139e+01 5.127803260074489944e-03
4.734982332155476570e+01 5.195829137312070467e-03
4.758539458186101001e+01 5.418409295721872236e-03
4.782096584216725432e+01 5.841930900127165899e-03
4.805653710247349863e+01 6.498602605774437581e-03
4.829210836277974295e+01 7.400555418928662227e-03
4.852767962308598015e+01 8.536150912358873508e-03
4.876325088339222447e+01 9.869448548563941950e-03
4.899882214369846878e+01 1.134333514663194570e-02
4.923439340400470599e+01 1.288603455941182523e-02
4.946996466431095030e+01 1.441979592148189687e-02
4.970553592461719461e+01 1.586988702660923831e-02
4.994110718492343182e+01 1.717195313362411893e-02
5.017667844522968323e+01 1.827643440155036006e-02
5.041224970553591334e+01 1.914980859210787048e-02
5.064782096584215765e+01 1.977346172847479350e-02
5.088339222614840196e+01 2.014156325919042034e-02
5.111896348645464627e+01 2.025927073483499777e-02
5.135453474676089058e+01 2.014203812453889061e-02
5.159010600706713490e+01 1.981605811811132031e-02
5.182567726737337210e+01 1.931924853605261269e-02
5.206124852767961642e+01 1.870187052188504798e-02
5.229681978798586073e+01 1.802588299447931836e-02
5.253239104829210504e+01 1.736242168243755379e-02
5.276796230859834935e+01 1.678722317860954424e-02
5.300353356890459366e+01 1.637427754648312569e-02
5.323910482921083798e+01 1.618840072249304318e-02
5.347467608951706808e+01 1.627770440032774366e-02
5.371024734982331239e+01 1.666706765167098175e-02
5.394581861012955670e+01 1.735365648688165854e-02
5.418138987043580101e+01 1.830538624276765655e-02
5.441696113074204533e+01 1.946278532033519221e-02
5.465253239104828964e+01 2.074428559927121371e-02
5.488810365135453395e+01 2.205455844285557701e-02
5.512367491166077116e+01 2.329497826831251200e-02
5.535924617196701547e+01 2.437498090166670059e-02
5.559481743227325978e+01 2.522288555720632666e-02
5.583038869257950410e+01 2.579475596186976347e-02
5.606595995288574841e+01 2.608010988916150200e-02
5.630153121319199272e+01 2.610373645910884707e-02
5.653710247349822282e+01 2.592349179594596181e-02
5.677267373380446713e+01 2.562459422103210288e-02
5.700824499411071145e+01 2.531144792699863144e-02
5.724381625441695576e+01 2.509820665103894288e-02
5.747938751472320007e+01 2.509907481110730185e-02
5.771495877502944438e+01 2.541883492785574489e-02
5.795053003533568869e+01 2.614361557010220008e-02
5.818610129564192590e+01 2.733185891116117483e-02
5.842167255594817021e+01 2.900598551832377775e-02
5.865724381625441453e+01 3.114613536975211969e-02
5.889281507656065884e+01 3.368796606193106419e-02
5.912838633686690315e+01 3.652619791318455905e-02
5.936395759717314746e+01 3.952428434019896603e-02
5.959952885747937756e+01 4.252879987267708939e-02
5.983510011778562188e+01 4.538578376216011179e-02
6.007067137809186619e+01 4.795601945734822430e-02
6.030624263839811050e+01 5.012707279408190608e-02
6.054181389870435481e+01 5.182124829017287909e-02
6.077738515901059912e+01 5.299972276580167813e-02
6.101295641931684344e+01 5.366355567368681634e-02
6.124852767962308064e+01 5.385212861573011184e-02
6.148409893992932496e+01 5.363918220303764972e-02
6.171967020023556927e+01 5.312637882581486282e-02
6.195524146054181358e+01 5.243440092992115997e-02
6.219081272084805789e+01 5.169194796227362387e-02
6.242638398115430221e+01 5.102346583672415226e-02
6.266195524146053231e+01 5.053685202540450505e-02
6.289752650176677662e+01 5.031259862873577876e-02
6.313309776207302093e+01 5.039580552943766917e-02
6.336866902237926524e+01 5.079221246251311439e-02
6.360424028268550956e+01 5.146890184651451566e-02
6.383981154299175387e+01 5.235969147855758926e-02
6.407538280329799818e+01 5.337456029019788800e-02
6.431095406360422828e+01 5.441197683251791650e-02
6.454652532391047259e+01 5.537240032111901550e-02
6.478209658421671691e+01 5.617131398784702689e-02
6.501766784452296122e+01 5.675025443432690081e-02
6.525323910482920553e+01 5.708462046201585871e-02
6.548881036513544984e+01 5.718767741835457247e-02
6.572438162544167994e+01 5.711074594948028355e-02
6.595995288574792426e+01 5.693999609373798232e-02
6.619552414605416857e+01 5.679066953845615662e-02
6.643109540636041288e+01 5.679960303742923045e-02
6.666666666666665719e+01 5.711670490721378057e-02
6.690223792697290150e+01 5.789565597436791694e-02
6.713780918727914582e+01 5.928362670039637183e-02
6.737338044758539013e+01 6.140951771254805902e-02
6.760895170789163444e+01 6.437039990700499370e-02
6.784452296819787875e+01 6.821661757269334436e-02
6.808009422850412307e+01 7.293731538075208520e-02
6.831566548881036738e+01 7.844948653347258438e-02
6.855123674911661169e+01 8.459431143189788393e-02
6.878680800942285600e+01 9.114395652713409846e-02
6.902237926972908610e+01 9.782000973126189769e-02
6.925795053003533042e+01 1.043218763580952835e-01
6.949352179034157473e+01 1.103607406894833720e-01
6.972909305064781904e+01 1.156930807453595139e-01
6.996466431095406335e+01 1.201477028580613393e-01
7.020023557126030767e+01 1.236417146610428730e-01
7.043580683156653777e+01 1.261832249892280711e-01
7.067137809187278208e+01 1.278611440130456300e-01
7.090694935217902639e+01 1.288246868528941658e-01
7.114252061248527070e+01 1.292566705955592032e-01
7.137809187279151502e+01 1.293452805648236392e-01
7.161366313309775933e+01 1.292586954473476657e-01
7.184923439340400364e+01 1.291259842004907621e-01
7.208480565371023374e+01 1.290263282316666260e-01
7.232037691401647805e+01 1.289872066152539243e-01
7.255594817432272237e+01 1.289908127052980802e-01
7.279151943462896668e+01 1.289869087393117619e-01
7.302709069493521099e+01 1.289095576639071317e-01
7.326266195524145530e+01 1.286947585306446873e-01
7.349823321554768540e+01 1.282959747045938070e-01
7.373380447585392972e+01 1.276949458166783402e-01
7.396937573616017403e+01 1.269060034852075580e-01
7.420494699646641834e+01 1.259733159639711275e-01
7.444051825677266265e+01 1.249617920426866202e-01
7.467608951707890697e+01 1.239438666391075722e-01
7.491166077738515128e+01 1.229851758790674598e-01
7.514723203769139559e+01 1.221327099334165722e-01
7.538280329799763990e+01 1.214087985136273473e-01
7.561837455830388421e+01 1.208134253419325260e-01
7.585394581861012853e+01 1.203359368564382859e-01
7.608951707891637284e+01 1.199753431017266669e-01
7.632508833922261715e+01 1.197662854832973606e-01
7.656065959952884725e+01 1.198056389857699022e-01
7.679623085983509156e+01 1.202730470176408967e-01
7.703180212014133588e+01 1.214380344096062936e-01
7.726737338044758019e+01 1.236473552516822172e-01
7.750294464075382450e+01 1.272893122831956214e-01
7.773851590106006881e+01 1.327368097779558498e-01
7.797408716136631313e+01 1.402769367448138682e-01
7.820965842167254323e+01 1.500402691402020205e-01
7.844522968197878754e+01 1.619459621513125724e-01
7.868080094228503185e+01 1.756776607352915354e-01
7.891637220259127616e+01 1.906999059019211518e-01
7.915194346289752048e+01 2.063159306056090991e-01
7.938751472320376479e+01 2.217575445995917660e-01
7.962308598351000910e+01 2.362890073413653480e-01
7.985865724381623920e+01 2.493023031804073864e-01
8.009422850412248351e+01 2.603830618367803384e-01
8.032979976442872783e+01 2.693344706918161524e-01
8.056537102473497214e+01 2.761583777631046455e-01
8.080094228504121645e+01 2.810042349762862379e-01
8.103651354534746076e+01 2.841036002356927548e-01
8.127208480565370508e+01 2.857087472560012609e-01
8.150765606595994939e+01 2.860492217003832160e-01
8.174322732626619370e+01 2.853125734048010398e-01
8.197879858657243801e+01 2.836479507655585430e-01
8.221436984687868232e+01 2.811858559415506553e-01
8.244994110718492664e+01 2.780648288917693667e-01
8.268551236749117095e+01 2.744559101025207393e-01
8.292108362779740105e+01 2.705775701706204517e-01
8.315665488810364536e+01 2.666966035254632605e-01
8.339222614840988967e+01 2.631136584217598773e-01
8.362779740871613399e+01 2.601352596726406730e-01
8.386336866902237830e+01 2.580369520672105010e-01
8.409893992932862261e+01 2.570241555765760411e-01
8.433451118963485271e+01 2.571981114568889781e-01
8.457008244994109702e+01 2.585338581928979806e-01
8.480565371024734134e+01 2.608753268613784315e-01
8.504122497055358565e+01 2.639496855168562139e-01
8.527679623085982996e+01 2.674000791409721356e-01
8.551236749116607427e+01 2.708328387298948869e-01
8.574793875147231859e+01 2.738730779971292328e-01
8.598351001177854869e+01 2.762214013363461507e-01
8.621908127208479300e+01 2.777042518143943983e-01
8.645465253239103731e+01 2.783110746681911607e-01
8.669022379269728162e+01 2.782127664523209032e-01
8.692579505300352594e+01 2.777577668497098196e-01
8.716136631330977025e+01 2.774445589463213069e-01
8.739693757361600035e+01 2.778721302898218282e-01
8.763250883392224466e+01 2.796727882139597998e-01
8.786808009422848897e+01 2.834342177521670947e-01
8.810365135453473329e+01 2.896195433815745846e-01
8.833922261484097760e+01 2.984953892112147678e-01
8.857479387514722191e+01 3.100786260854915821e-01
8.881036513545346622e+01 3.241122754348348955e-01
8.904593639575971054e+01 3.400787998289006575e-01
8.928150765606595485e+01 3.572534621131222554e-01
8.951707891637219916e+01 3.747915978713056151e-01
8.975265017667844347e+01 3.918340102035712258e-01
8.998822143698468778e+01 4.076086000155799138e-01
9.022379269729093210e+01 4.215074137902801721e-01
9.045936395759717641e+01 4.331267198786992734e-01
9.069493521790340651e+01 4.422698060701578116e-01
9.093050647820965082e+01 4.489223783143585500e-01
9.116607773851589513e+01 4.532149245683946837e-01
9.140164899882213945e+01 4.553846138626945761e-01
9.163722025912838376e+01 4.557437329165762163e-01
9.187279151943462807e+01 4.546556821119855374e-01
9.210836277974085817e+01 4.525155935823984565e-01
9.234393404004710249e+01 4.497314734515257539e-01
9.257950530035334680e+01 4.467028398403577460e-01
9.281507656065959111e+01 4.437960742734289865e-01
9.305064782096583542e+01 4.413180890056503936e-01
9.328621908127207973e+01 4.394917270062100312e-01
9.352179034157832405e+01 4.384371834444663607e-01
9.375736160188455415e+01 4.381635113269144455e-01
9.399293286219079846e+01 4.385730091670605457e-01
9.422850412249704277e+01 4.394792408479742396e-01
9.446407538280328708e+01 4.406370263445006374e-01
9.469964664310953140e+01 4.417806346205119805e-01
9.493521790341577571e+01 4.426646832627452732e-01
9.517078916372202002e+01 4.431021009877159633e-01
9.540636042402826433e+01 4.429941161879213385e-01
9.564193168433450865e+01 4.423487897775947864e-01
9.587750294464075296e+01 4.412867712392937181e-01
9.611307420494699727e+01 4.400348719849166423e-01
9.634864546525324158e+01 4.389095641316138607e-01
9.658421672555948589e+01 4.382932086498831370e-01
9.681978798586571600e+01 4.386056198701340225e-01
9.705535924617196031e+01 4.402726683356135706e-01
9.729093050647820462e+01 4.436923945545993009e-01
9.752650176678444893e+01 4.491982287917251071e-01
9.776207302709069324e+01 4.570191855401683489e-01
9.799764428739693756e+01 4.672389077575940242e-01
9.823321554770316766e+01 4.797589775747943541e-01
9.846878680800941197e+01 4.942755889509874989e-01
9.870435806831565628e+01 5.102801852546958727e-01
9.893992932862190059e+01 5.270919187739652179e-01
9.917550058892814491e+01 5.439225316159131962e-01
9.941107184923438922e+01 5.599648482935835059e-01
9.964664310954063353e+01 5.744885646024854298e-01
9.988221436984686363e+01 5.869248174200784041e-01
1.001177856301531222e+02 5.969247743528937056e-01
1.003533568904593665e+02 6.043848843058151621e-01
1.005889281507655824e+02 6.094389908245197995e-01
1.008244994110718267e+02 6.124227536806702288e-01
1.010600706713780710e+02 6.138182658037200090e-01
1.012956419316843153e+02 6.141872985080520930e-01
1.015312131919905596e+02 6.141013039248867100e-01
1.017667844522968039e+02 6.140757039705401210e-01
1.020023557126030482e+02 6.145150493189466268e-01
1.022379269729092925e+02 6.156742527047126545e-01
1.024734982332155369e+02 6.176392962548007404e-01
1.027090694935217812e+02 6.203287481933046354e-01
1.029446407538280255e+02 6.235152862786571548e-01
1.031802120141342698e+02 6.268643017060331335e-01
1.034157832744405141e+02 6.299846748147470699e-01
1.036513545347467442e+02 6.324852082685074040e-01
1.038869257950529885e+02 6.340292155278410835e-01
1.041224970553592328e+02 6.343797773905280879e-01
1.043580683156654771e+02 6.334294628922736425e-01
1.045936395759717215e+02 6.312108062064288871e-01
1.048292108362779658e+02 6.278869365356737342e-01
1.050647820965842101e+02 6.237256087356183309e-01
1.053003533568904544e+02 6.190622624981472200e-01
1.055359246171966987e+02 6.142596911025938189e-01
1.057714958775029430e+02 6.096720526935524020e-01
1.060070671378091873e+02 6.056196939788077716e-01
1.062426383981154316e+02 6.023788130773888305e-01
1.064782096584216760e+02 6.001866861381903728e-01
1.067137809187278918e+02 5.992594077897392957e-01
1.069493521790341362e+02 5.998153692199887921e-01
1.071849234393403805e+02 6.020947316097050583e-01
1.074204946996466248e+02 6.063640346331298225e-01
1.076560659599528691e+02 6.128969707423344015e-01
1.078916372202591134e+02 6.219280230966481859e-01
1.081272084805653577e+02 6.335845707788488879e-01
1.083627797408716020e+02 6.478128106326656033e-01
1.085983510011778463e+02 6.643195855188435139e-01
1.088339222614840907e+02 6.825522203668765719e-01
1.090694935217903350e+02 7.017302403836387370e-01
1.093050647820965793e+02 7.209285509864551411e-01
1.095406360424028236e+02 7.391964582965726560e-01
1.097762073027090679e+02 7.556864991408158705e-01
1.100117785630152980e+02 7.697648632394752388e-01
1.102473498233215423e+02 7.810811152213161801e-01
1.104829210836277866e+02 7.895860599317169326e-01
1.107184923439340309e+02 7.954990631840088700e-01
1.109540636042402753e+02 7.992366372441019884e-01
1.111896348645465196e+02 8.013204658192040197e-01
1.114252061248527639e+02 8.022845400580811415e-01
1.116607773851590082e+02 8.025980720962540005e-01
1.118963486454652525e+02 8.026148319138474152e-01
1.121319199057714968e+02 8.025524934488429407e-01
1.123674911660777411e+02 8.024993368155602935e-01
1.126030624263839854e+02 8.024414011231518762e-01
1.128386336866902298e+02 8.023012242718786657e-01
1.130742049469964456e+02 8.019793080284538522e-01
1.133097762073026900e+02 8.013907770239698802e-01
1.135453474676089343e+02 8.004917846910816204e-01
1.137809187279151786e+02 7.992926459719789101e-01
1.140164899882214229e+02 7.978571610341914644e-01
1.142520612485276672e+02 7.962899706644354092e-01
1.144876325088339115e+02 7.947156426893319248e-01
1.147232037691401558e+02 7.932544402106380677e-01
1.149587750294464001e+02 7.920000191140215140e-01
1.151943462897526445e+02 7.910038029947311644e-01
1.154299175500588888e+02 7.902690762023241167e-01
1.156654888103651331e+02 7.897561376233077635e-01
1.159010600706713774e+02 7.893977239623398701e-01
1.161366313309776075e+02 7.891221214422722285e-01
1.163722025912838518e+02 7.888800365518225943e-01
1.166077738515900961e+02 7.886704955608974110e-01
1.168433451118963404e+02 7.885608114588009698e-01
1.170789163722025847e+02 7.886960423806806952e-01
1.173144876325088291e+02 7.892944618333075368e-01
1.175500588928150734e+02 7.906274730390543404e-01
1.177856301531213177e+02 7.929850095235920771e-01
1.180212014134275620e+02 7.966305418916409531e-01
1.182567726737338063e+02 8.017526891666962863e-01
1.184923439340400506e+02 8.084222988637159713e-01
1.187279151943462949e+02 8.165639960906615480e-01
1.189634864546525392e+02 8.259492270241585166e-01
1.191990577149587551e+02 8.362139295179946696e-01
1.194346289752649994e+02 8.468988947680725632e-01
1.196702002355712438e+02 8.575058198590873593e-01
1.199057714958774881e+02 8.675583616112719776e-01
1.201413427561837324e+02 8.766563784163420303e-01
1.203769140164899767e+02 8.845135386453160109e-01
1.206124852767962210e+02 8.909730950207483957e-01
1.208480565371024653e+02 8.960023781572595825e-01
1.210836277974087096e+02 8.996714487593093779e-01
1.213191990577149539e+02 9.021238698781858245e-01
1.215547703180211982e+02 9.035472417673097167e-01
1.217903415783274426e+02 9.041487204398170885e-01
1.220259128386336869e+02 9.041375574346348643e-01
1.222614840989399170e+02 9.037140159801898553e-01
1.224970553592461613e+02 9.030625351783810872e-01
1.227326266195524056e+02 9.023467888259562031e-01
1.229681978798586499e+02 9.017049642479818550e-01
1.232037691401648942e+02 9.012446536695520871e-01
1.234393404004711385e+02 9.010377726092098083e-01
1.236749116607773828e+02 9.011166189129531379e-01
1.239104829210836272e+02 9.014724470286288316e-01
1.241460541813898715e+02 9.020577403705228869e-01
1.243816254416961158e+02 9.027928010876428155e-01
1.246171967020023601e+02 9.035764951643804332e-01
1.248527679623086044e+02 9.043001805220945988e-01
1.250883392226148487e+02 9.048631512443169322e-01
1.253239104829210646e+02 9.051875606262962393e-01
1.255594817432273089e+02 9.052308405482608622e-01
1.257950530035335532e+02 9.049938794977147039e-01
1.260306242638397975e+02 9.045238998244200523e-01
1.262661955241460419e+02 9.039117195091380674e-01
1.265017667844522862e+02 9.032838375690553923e-01
1.267373380447585305e+02 9.027904033894936786e-01
1.269729093050647748e+02 9.025905290370949130e-01
1.272084805653710191e+02 9.028365386888015376e-01
1.274440518256772634e+02 9.036586366289988126e-01
1.276796230859835077e+02 9.051511972471294465e-01
1.279151943462897520e+02 9.073615862596206005e-01
1.281507656065959964e+02 9.102822878709472265e-01
1.283863368669022123e+02 9.138472159721878763e-01
1.286219081272084566e+02 9.179332981593346652e-01
1.288574793875147009e+02 9.223684050952564162e-01
1.290930506478209452e+02 9.269460388814270146e-01
1.293286219081271895e+02 9.314457698232684324e-01
1.295641931684334338e+02 9.356566323976924782e-01
1.297997644287396781e+02 9.393994184391035729e-01
1.300353356890459224e+02 9.425438438353048731e-01
1.302709069493521667e+02 9.450180647838127834e-01
1.305064782096584111e+02 9.468102797759446743e-01
1.307420494699646554e+02 9.479640445466678278e-01
1.309776207302708997e+02 9.485696368133068601e-01
1.312131919905771440e+02 9.487533250011986885e-01
1.314487632508833599e+02 9.486653894009204890e-01
1.316843345111896042e+02 9.484670198192086676e-01
1.319199057714958485e+02 9.483161819149972249e-01
1.321554770318020928e+02 9.483530906076438338e-01
1.323910482921083371e+02 9.486866183745038539e-01
1.326266195524145814e+02 9.493833673161595765e-01
1.328621908127208258e+02 9.504610622219828997e-01
1.330977620730270701e+02 9.518873923608763832e-01
1.333333333333333144e+02 9.535846330848904984e-01
1.335689045936395587e+02 9.554395245694842220e-01
1.338044758539458030e+02 9.573171448897537239e-01
1.340400471142520473e+02 9.590769987038253452e-01
1.342756183745582916e+02 9.605892854984350304e-01
1.345111896348645359e+02 9.617493448965350744e-01
1.347467608951707803e+02 9.624885832809939590e-01
1.349823321554770246e+02 9.627807671759537334e-01
1.352179034157832689e+02 9.626431045364667316e-01
1.354534746760895132e+02 9.621324458391268264e-01
1.356890459363957575e+02 9.613374892544293004e-01
1.359246171967020018e+02 9.603683503537531196e-01
1.361601884570082461e+02 9.593451543752288257e-01
1.363957597173144904e+02 9.583872697646090844e-01
1.366313309776207348e+02 9.576045031033112442e-01
1.368669022379269791e+02 9.570910403646629705e-01
1.371024734982332234e+02 9.569222261253758077e-01
1.373380447585394677e+02 9.571535595127107499e-01
1.375736160188457120e+02 9.578207349467734444e-01
1.378091872791519279e+02 9.589393783618330724e-01
1.380447585394581722e+02 9.605034873239433058e-01
1.382803297997644165e+02 9.624824793779888088e-01
1.385159010600706608e+02 9.648179334582960287e-01
1.387514723203769051e+02 9.674220657995084016e-01
1.389870435806831495e+02 9.701801988987270864e-01
1.392226148409893938e+02 9.729586314311916562e-01
1.394581861012956381e+02 9.756176106246639002e-01
1.396937573616018824e+02 9.780272451442550974e-01
1.399293286219081267e+02 9.800830274669897202e-01
1.401648998822143710e+02 9.817176766417655687e-01
1.404004711425206153e+02 9.829071519509543498e-01
1.406360424028268596e+02 9.836702991697213738e-01
1.408716136631330755e+02 9.840629662728453964e-01
1.411071849234393198e+02 9.841681812645609595e-01
1.413427561837455642e+02 9.840841621130557160e-01
1.415783274440518085e+02 9.839118025015414215e-01
1.418138987043580528e+02 9.837430782519076544e-01
1.420494699646642971e+02 9.836516094539863309e-01
1.422850412249705414e+02 9.836863326939865315e-01
1.425206124852767857e+02 9.838688300702426170e-01
1.427561837455830300e+02 9.841943458930898503e-01
1.429917550058892743e+02 9.846359986914168250e-01
1.432273262661955187e+02 9.851512805791565741e-01
1.434628975265017630e+02 9.856897062181823044e-01
1.436984687868080073e+02 9.862004500881091928e-01
1.439340400471142232e+02 9.866389656575000888e-01
1.441696113074204675e+02 9.869718572704224702e-01
1.444051825677267118e+02 9.871796131470489399e-01
1.446407538280329561e+02 9.872571541734534994e-01
1.448763250883392004e+02 9.872124622830827922e-01
1.451118963486454447e+02 9.870637777106288091e-01
1.453474676089516890e+02 9.868359924875403921e-01
1.455830388692579334e+02 9.865569273809244866e-01
1.458186101295641777e+02 9.862540788790160606e-01
1.460541813898704220e+02 9.859522997288400203e-01
1.462897526501766663e+02 9.856726659061774143e-01
1.465253239104829106e+02 9.854325444013465329e-01
1.467608951707891549e+02 9.852466334061210640e-01
1.469964664310953708e+02 9.851285393018325287e-01
1.472320376914016151e+02 9.850923149084007679e-01
1.474676089517078594e+02 9.851533512617012267e-01
1.477031802120141037e+02 9.853281241313402994e-01
1.479387514723203481e+02 9.856325589256828001e-01
1.481743227326265924e+02 9.860791641943145169e-01
1.484098939929328367e+02 9.866734960089000861e-01
1.486454652532390810e+02 9.874108393487223134e-01
1.488810365135453253e+02 9.882740928525566293e-01
1.491166077738515696e+02 9.892336437159874318e-01
1.493521790341578139e+02 9.902495536714406299e-01
1.495877502944640582e+02 9.912757815785359083e-01
1.498233215547703026e+02 9.922656383460747298e-01
1.500588928150765469e+02 9.931773734273272591e-01
1.502944640753827912e+02 9.939788025615529099e-01
1.505300353356890355e+02 9.946501679323250800e-01
1.507656065959952798e+02 9.951848646091357997e-01
1.510011778563015241e+02 9.955881404375678256e-01
1.512367491166077684e+02 9.958742676998901810e-01
1.514723203769140127e+02 9.960629199436310532e-01
1.517078916372202571e+02 9.961755321536119867e-01
1.519434628975265014e+02 9.962322903097490245e-01
1.521790341578327457e+02 9.962501446166990293e-01
1.524146054181389900e+02 9.962419472738244242e-01
1.526501766784452343e+02 9.962165614203256636e-01
1.528857479387514786e+02 9.961796269341105514e-01
1.531213191990576945e+02 9.961346179248781185e-01
1.533568904593639388e+02 9.960838694390962145e-01
1.535924617196701831e+02 9.960293514580260688e-01
1.538280329799764274e+02 9.959730880668299369e-01
1.540636042402826718e+02 9.959172281684406380e-01
1.542991755005889161e+02 9.958638530336753059e-01
1.545347467608951604e+02 9.958146484446920299e-01
1.547703180212014047e+02 9.957705769449239908e-01
1.550058892815076490e+02 9.957316670125676561e-01
1.552414605418138933e+02 9.956969916362164996e-01
1.554770318021201376e+02 9.956648708296278460e-01
1.557126030624263819e+02 9.956332761105983753e-01
1.559481743227326263e+02 9.956003736037201124e-01
1.561837455830388421e+02 9.955651179920861349e-01
1.564193168433450865e+02 9.955277921472226454e-01
1.566548881036513308e+02 9.954903904204857046e-01
1.568904593639575751e+02 9.954567605919454332e-01
1.571260306242638194e+02 9.954324512571638417e-01
1.573616018845700637e+02 9.954242537022103265e-01
1.575971731448763080e+02 9.954394756034476988e-01
1.578327444051825523e+02 9.954850313603401668e-01
1.580683156654887966e+02 9.955664722270206601e-01
1.583038869257950410e+02 9.956871003997702640e-01
1.585394581861012853e+02 9.958473090979161890e-01
1.587750294464075296e+02 9.960442640574351802e-01
1.590106007067137739e+02 9.962719939920262613e-01
1.592461719670200182e+02 9.965218951362333488e-01
1.594817432273262341e+02 9.967835867821180917e-01
1.597173144876324784e+02 9.970459916330884909e-01
1.599528857479387227e+02 9.972984702208613772e-01
1.601884570082449670e+02 9.975318268262228782e-01
1.604240282685512113e+02 9.977390351750293762e-01
1.606595995288574557e+02 9.979156015322441231e-01
1.608951707891637000e+02 9.980595707348169920e-01
1.611307420494699443e+02 9.981712566278435617e-01
1.613663133097761886e+02 9.982528163357651252e-01
1.616018845700824329e+02 9.983077798096587907e-01
1.618374558303886772e+02 9.983406056110929461e-01
1.620730270906949215e+02 9.983562861467734084e-01
1.623085983510011658e+02 9.983599927373212335e-01
1.625441696113074102e+02 9.983567423744145186e-01
1.627797408716136545e+02 9.983510792203329487e-01
1.630153121319198988e+02 9.983467829371621693e-01
1.632508833922261431e+02 9.983466308084063545e-01
1.634864546525323874e+02 9.983522444499295379e-01
1.637220259128386317e+02 9.983640450274793299e-01
1.639575971731448760e+02 9.983813268761563275e-01
1.641931684334511203e+02 9.984024426622262194e-01
1.644287396937573646e+02 9.984250778258407788e-01
1.646643109540636090e+02 9.984465818876767651e-01
1.648998822143698533e+02 9.984643193684892282e-01
1.651354534746760976e+02 9.984760029831352135e-01
1.653710247349823419e+02 9.984799763588604327e-01
1.656065959952885578e+02 9.984754193311115023e-01
1.658421672555948021e+02 9.984624612857383452e-01
1.660777385159010464e+02 9.984421955130218240e-01
1.663133097762072907e+02 9.984165977443810736e-01
1.665488810365135350e+02 9.983883615594644212e-01
1.667844522968197793e+02 9.983606702656795395e-01
1.670200235571260237e+02 9.983369296752483413e-01
1.672555948174322680e+02 9.983204879488288830e-01
1.674911660777385123e+02 9.983143667167789781e-01
1.677267373380447566e+02 9.983210224967801194e-01
1.679623085983510009e+02 9.983421503882934367e-01
1.681978798586572452e+02 9.983785358597541126e-01
1.684334511189634895e+02 9.984299582909311743e-01
1.686690223792697054e+02 9.984951534226443881e-01
1.689045936395759497e+02 9.985718490491493071e-01
1.691401648998821940e+02 9.986568930445651748e-01
1.693757361601884384e+02 9.987464873691136447e-01
1.696113074204946827e+02 9.988365218965602477e-01
1.698468786808009270e+02 9.989229721474340851e-01
1.700824499411071713e+02 9.990022980043625767e-01
1.703180212014134156e+02 9.990717717745922766e-01
1.705535924617196599e+02 9.991296800087721142e-01
1.707891637220259042e+02 9.991753781173933202e-01
1.710247349823321485e+02 9.992092135625404437e-01
1.712603062426383929e+02 9.992323562674623183e-01
1.714958775029446372e+02 9.992465782067394553e-01
1.717314487632508531e+02 9.992540141111887486e-01
1.719670200235570974e+02 9.992569230968987304e-01
1.722025912838633417e+02 9.992574648377553492e-01
1.724381625441695860e+02 9.992575044824715258e-01
1.726737338044758303e+02 9.992584628944332081e-01
1.729093050647820746e+02 9.992612276769052837e-01
1.731448763250883189e+02 9.992661336717560960e-01
1.733804475853945632e+02 9.992730108927394550e-01
1.736160188457008076e+02 9.992812869556113586e-01
1.738515901060070519e+02 9.992901234871547356e-01
1.740871613663132962e+02 9.992985634668493100e-01
1.743227326266195405e+02 9.993056687902153179e-01
1.745583038869257848e+02 9.993106328803806893e-01
1.747938751472320007e+02 9.993128600559286756e-01
1.750294464075382450e+02 9.993120097958683168e-01
1.752650176678444893e+02 9.993080090087366196e-01
1.755005889281507336e+02 9.993010381080612570e-01
1.757361601884569779e+02 9.992914985790501969e-01
1.759717314487632223e+02 9.992799694678992095e-01
1.762073027090694666e+02 9.992671590141828375e-01
1.764428739693757109e+02 9.992538570512522478e-01
1.766784452296819552e+02 9.992408923912530216e-01
1.769140164899881995e+02 9.992290981515236092e-01
1.771495877502944438e+02 9.992192860413500188e-01
1.773851590106006881e+02 9.992122284958750988e-01
1.776207302709069324e+02 9.992086447247015002e-01
1.778563015312131768e+02 9.992091841510842842e-01
1.780918727915194211e+02 9.992143994386138983e-01
1.783274440518256654e+02 9.992247028301973755e-01
1.785630153121319097e+02 9.992403048535116739e-01
1.787985865724381540e+02 9.992611430921350957e-01
1.790341578327443983e+02 9.992868180872056527e-01
1.792697290930506426e+02 9.993165592692536681e-01
1.795053003533568869e+02 9.993492420573977242e-01
1.797408716136631313e+02 9.993834665675251916e-01
1.799764428739693756e+02 9.994176914711495607e-01
1.802120141342756199e+02 9.994503999828983076e-01
1.804475853945818642e+02 9.994802652515916153e-01
1.806831566548881085e+02 9.995062830379913832e-01
1.809187279151943528e+02 9.995278493012984544e-01
1.811542991755005687e+02 9.995447744450980387e-01
1.813898704358068130e+02 9.995572395995863113e-01
1.816254416961130573e+02 9.995657101546311374e-01
1.818610129564193016e+02 9.995708268181734413e-01
1.820965842167255460e+02 9.995732951534258559e-01
1.823321554770317903e+02 9.995737914157276638e-01
1.825677267373380346e+02 9.995728965133253707e-01
1.828032979976442789e+02 9.995710624388840504e-01
1.830388692579505232e+02 9.995686083623464002e-01
1.832744405182567675e+02 9.995657384310612237e-01
1.835100117785630118e+02 9.995625711374889200e-01
1.837455830388692561e+02 9.995591708093748418e-01
1.839811542991755005e+02 9.995555744375445029e-01
1.842167255594817163e+02 9.995518104333371845e-01
1.844522968197879607e+02 9.995479089175991483e-01
1.846878680800942050e+02 9.995439051545376152e-01
1.849234393404004493e+02 9.995398386114080491e-01
1.851590106007066936e+02 9.995357500715853494e-01
1.853945818610129379e+02 9.995316785825807404e-01
1.856301531213191822e+02 9.995276592320501141e-01
1.858657243816254265e+02 9.995237224908714024e-01
1.861012956419316708e+02 9.995198949320202031e-01
1.863368669022379152e+02 9.995162014386285154e-01
1.865724381625441595e+02 9.995126690965879801e-01
1.868080094228504038e+02 9.995093330354036798e-01
1.870435806831566481e+02 9.995062442881051945e-01
1.872791519434628640e+02 9.995034793793219352e-01
1.875147232037691083e+02 9.995011503881766624e-01
1.877502944640753526e+02 9.994994130209939875e-01
1.879858657243815969e+02 9.994984690570914987e-01
1.882214369846878412e+02 9.994985591254195167e-01
1.884570082449940855e+02 9.994999426433329726e-01
1.886925795053003299e+02 9.995028641274230630e-01
1.889281507656065742e+02 9.995075089028385706e-01
1.891637220259128185e+02 9.995139555499935602e-01
1.893992932862190628e+02 9.995221356432584248e-01
1.896348645465253071e+02 9.995318119282773361e-01
1.898704358068315514e+02 9.995425832590821846e-01
1.901060070671377957e+02 9.995539188061558500e-01
1.903415783274440400e+02 9.995652168898451206e-01
1.905771495877502844e+02 9.995758775382905803e-01
1.908127208480565287e+02 9.995853745012345248e-01
1.910482921083627730e+02 9.995933129619959390e-01
1.912838633686690173e+02 9.995994632671844071e-01
1.915194346289752616e+02 9.996037671906015110e-01
1.917550058892815059e+02 9.996063195531332823e-01
1.919905771495877502e+02 9.996073326117105307e-01
1.922261484098939945e+02 9.996070925097834126e-01
1.924617196702002389e+02 9.996059163233500522e-01
1.926972909305064832e+02 9.996041157556458945e-01
1.929328621908127275e+02 9.996019705404307620e-01
1.931684334511189718e+02 9.995997120761024313e-01
1.934040047114251877e+02 9.995975161834330658e-01
1.936395759717314320e+02 9.995955031288817905e-01
1.938751472320376763e+02 9.995937428970013139e-01
1.941107184923439206e+02 9.995922638181981013e-01
1.943462897526501649e+02 9.995910628699166134e-01
1.945818610129564092e+02 9.995901162018449027e-01
1.948174322732626536e+02 9.995893886773778991e-01
1.950530035335688979e+02 9.995888414115891019e-01
1.952885747938751422e+02 9.995884374414176765e-01
1.955241460541813865e+02 9.995881437528157942e-01
1.957597173144876308e+02 9.995879315184926783e-01
1.959952885747938751e+02 9.995877746022917565e-01
1.962308598351001194e+02 9.995876465794434340e-01
1.964664310954063353e+02 9.995875181027028544e-01
1.967020023557125796e+02 9.995873556783227976e-01
1.969375736160188239e+02 9.995871231112053446e-01
1.971731448763250683e+02 9.995867864608943831e-01
1.974087161366313126e+02 9.995863225803941488e-01
1.976442873969375569e+02 9.995857301950434870e-01
1.978798586572438012e+02 9.995850412608325852e-01
1.981154299175500455e+02 9.995843293500725757e-01
1.983510011778562898e+02 9.995837114669264833e-01
1.985865724381625341e+02 9.995833403461319433e-01
1.988221436984687784e+02 9.995833860577216790e-01
1.990577149587750228e+02 9.995840084005717108e-01
1.992932862190812671e+02 9.995853245124570741e-01
1.995288574793874830e+02 9.995873784763250613e-01
1.997644287396937273e+02 9.995901205540508316e-01
2.000000000000000000e+02 9.995934024288206654e-01
