0.000000000000000000e+00 -1.690000000000000096e-03
6.269592476489028732e-01 -1.690000000000000096e-03
1.253918495297805746e+00 -1.690000000000000096e-03
1.880877742946708508e+00 -1.690000000000000096e-03
2.507836990595611493e+00 -1.690000000000000096e-03
3.134796238244514477e+00 -1.690000000000000096e-03
3.761755485893417017e+00 -2.253999999999999927e-03
4.388714733542320445e+00 -2.253999999999999927e-03
5.015673981191222985e+00 -2.253999999999999927e-03
5.642633228840125525e+00 -2.253999999999999927e-03
6.269592476489028954e+00 -2.817000000000000060e-03
6.896551724137931494e+00 -2.817000000000000060e-03
7.523510971786834034e+00 -2.817000000000000060e-03
8.150470219435737462e+00 -2.817000000000000060e-03
8.777429467084640891e+00 -3.380000000000000192e-03
9.404388714733542542e+00 -3.380000000000000192e-03
1.003134796238244597e+01 -3.380000000000000192e-03
1.065830721003134940e+01 -3.380000000000000192e-03
1.128526645768025105e+01 -3.943999999999999589e-03
1.191222570532915448e+01 -3.943999999999999589e-03
1.253918495297805791e+01 -3.943999999999999589e-03
1.316614420062695956e+01 -4.506999999999999722e-03
1.379310344827586299e+01 -4.506999999999999722e-03
1.442006269592476642e+01 -5.069999999999999854e-03
1.504702194357366807e+01 -5.069999999999999854e-03
1.567398119122257150e+01 -5.069999999999999854e-03
1.630094043887147492e+01 -5.634000000000000119e-03
1.692789968652037658e+01 -5.634000000000000119e-03
1.755485893416928178e+01 -6.197000000000000251e-03
1.818181818181818343e+01 -6.197000000000000251e-03
1.880877742946708508e+01 -6.760999999999999649e-03
1.943573667711599029e+01 -6.760999999999999649e-03
2.006269592476489194e+01 -7.323999999999999781e-03
2.068965517241379359e+01 -7.323999999999999781e-03
2.131661442006269880e+01 -7.886999999999999914e-03
2.194357366771160045e+01 -7.886999999999999914e-03
2.257053291536050210e+01 -8.451000000000000179e-03
2.319749216300940731e+01 -8.451000000000000179e-03
2.382445141065830896e+01 -9.013999999999999443e-03
2.445141065830721061e+01 -9.577000000000000443e-03
2.507836990595611582e+01 -9.577000000000000443e-03
2.570532915360501747e+01 -1.014100000000000071e-02
2.633228840125391912e+01 -1.070399999999999997e-02
2.695924764890282432e+01 -1.070399999999999997e-02
2.758620689655172598e+01 -1.126800000000000024e-02
2.821316614420062763e+01 -1.183099999999999950e-02
2.884012539184953283e+01 -1.239400000000000050e-02
2.946708463949843448e+01 -1.239400000000000050e-02
3.009404388714733614e+01 -1.295800000000000077e-02
3.072100313479624134e+01 -1.352100000000000003e-02
3.134796238244514299e+01 -1.408500000000000030e-02
3.197492163009404820e+01 -1.464799999999999956e-02
3.260188087774294985e+01 -1.521100000000000056e-02
3.322884012539185505e+01 -1.577500000000000083e-02
3.385579937304075315e+01 -1.633799999999999836e-02
3.448275862068965836e+01 -1.690099999999999936e-02
3.510971786833856356e+01 -1.746500000000000136e-02
3.573667711598746166e+01 -1.802799999999999889e-02
3.636363636363636687e+01 -1.859200000000000089e-02
3.699059561128527207e+01 -1.915499999999999842e-02
3.761755485893417017e+01 -1.971799999999999942e-02
3.824451410658307537e+01 -2.028200000000000142e-02
3.887147335423198058e+01 -2.084499999999999895e-02
3.949843260188087868e+01 -2.140799999999999995e-02
4.012539184952978388e+01 -2.253499999999999948e-02
4.075235109717868909e+01 -2.309900000000000148e-02
4.137931034482758719e+01 -2.366199999999999901e-02
4.200626959247649239e+01 -2.422500000000000001e-02
4.263322884012539760e+01 -2.535199999999999954e-02
4.326018808777429570e+01 -2.591500000000000054e-02
4.388714733542320090e+01 -2.647899999999999907e-02
4.451410658307210610e+01 -2.760599999999999860e-02
4.514106583072100420e+01 -2.816899999999999959e-02
4.576802507836990941e+01 -2.873200000000000059e-02
4.639498432601881461e+01 -2.985900000000000012e-02
4.702194357366771271e+01 -3.042299999999999865e-02
4.764890282131661792e+01 -3.154900000000000065e-02
4.827586206896552312e+01 -3.211300000000000265e-02
4.890282131661442122e+01 -3.323899999999999771e-02
4.952978056426332643e+01 -3.380299999999999971e-02
5.015673981191223163e+01 -3.493000000000000271e-02
5.078369905956112973e+01 -3.549299999999999677e-02
5.141065830721003493e+01 -3.661999999999999977e-02
5.203761755485894014e+01 -3.718300000000000077e-02
5.266457680250783824e+01 -3.830999999999999683e-02
5.329153605015674344e+01 -3.943699999999999983e-02
5.391849529780564865e+01 -4.000000000000000083e-02
5.454545454545454675e+01 -4.112699999999999689e-02
5.517241379310345195e+01 -4.225399999999999989e-02
5.579937304075235716e+01 -4.281700000000000089e-02
5.642633228840125525e+01 -4.394399999999999695e-02
5.705329153605016046e+01 -4.506999999999999895e-02
5.768025078369906566e+01 -4.619700000000000195e-02
5.830721003134796376e+01 -4.676099999999999701e-02
5.893416927899686897e+01 -4.788699999999999901e-02
5.956112852664577417e+01 -4.901400000000000201e-02
6.018808777429467227e+01 -5.014099999999999807e-02
6.081504702194357748e+01 -5.070399999999999907e-02
6.144200626959248268e+01 -5.183100000000000207e-02
6.206896551724138789e+01 -5.295799999999999813e-02
6.269592476489028599e+01 -5.408500000000000113e-02
6.332288401253919119e+01 -5.521100000000000313e-02
6.394984326018809639e+01 -5.577499999999999819e-02
6.457680250783700160e+01 -5.690100000000000019e-02
6.520376175548589970e+01 -5.802800000000000319e-02
6.583072100313479780e+01 -5.915499999999999925e-02
6.645768025078371011e+01 -6.028200000000000225e-02
6.708463949843260821e+01 -6.084500000000000325e-02
6.771159874608150631e+01 -6.197199999999999931e-02
6.833855799373041862e+01 -6.309900000000000231e-02
6.896551724137931672e+01 -6.422500000000000431e-02
6.959247648902821481e+01 -6.535199999999999343e-02
7.021943573667712712e+01 -6.591500000000000137e-02
7.084639498432602522e+01 -6.704200000000000437e-02
7.147335423197492332e+01 -6.816899999999999349e-02
7.210031347962383563e+01 -6.929599999999999649e-02
7.272727272727273373e+01 -6.985900000000000443e-02
7.335423197492163183e+01 -7.098599999999999355e-02
7.398119122257054414e+01 -7.211299999999999655e-02
7.460815047021944224e+01 -7.267600000000000449e-02
7.523510971786834034e+01 -7.380299999999999361e-02
7.586206896551725265e+01 -7.492999999999999661e-02
7.648902821316615075e+01 -7.549300000000000455e-02
7.711598746081504885e+01 -7.661999999999999367e-02
7.774294670846396116e+01 -7.774599999999999567e-02
7.836990595611285926e+01 -7.831000000000000461e-02
7.899686520376175736e+01 -7.943699999999999373e-02
7.962382445141066967e+01 -8.000000000000000167e-02
8.025078369905956777e+01 -8.112700000000000466e-02
8.087774294670846587e+01 -8.168999999999999873e-02
8.150470219435737818e+01 -8.225399999999999379e-02
8.213166144200627627e+01 -8.337999999999999579e-02
8.275862068965517437e+01 -8.394400000000000472e-02
8.338557993730408668e+01 -8.450699999999999878e-02
8.401253918495298478e+01 -8.563400000000000178e-02
8.463949843260188288e+01 -8.619699999999999585e-02
8.526645768025079519e+01 -8.676100000000000478e-02
8.589341692789969329e+01 -8.732399999999999884e-02
8.652037617554859139e+01 -8.788700000000000678e-02
8.714733542319750370e+01 -8.845100000000000184e-02
8.777429467084640180e+01 -8.901399999999999590e-02
8.840125391849529990e+01 -8.957700000000000384e-02
8.902821316614421221e+01 -9.014099999999999890e-02
8.965517241379311031e+01 -9.070400000000000684e-02
9.028213166144200841e+01 -9.126800000000000190e-02
9.090909090909092072e+01 -9.183099999999999596e-02
9.153605015673981882e+01 -9.183099999999999596e-02
9.216300940438871692e+01 -9.239400000000000390e-02
9.278996865203762923e+01 -9.295799999999999896e-02
9.341692789968652733e+01 -9.295799999999999896e-02
9.404388714733542542e+01 -9.352100000000000690e-02
9.467084639498433773e+01 -9.352100000000000690e-02
9.529780564263323583e+01 -9.408500000000000196e-02
9.592476489028213393e+01 -9.408500000000000196e-02
9.655172413793104624e+01 -9.464799999999999602e-02
9.717868338557994434e+01 -9.464799999999999602e-02
9.780564263322884244e+01 -9.464799999999999602e-02
9.843260188087775475e+01 -9.464799999999999602e-02
9.905956112852665285e+01 -9.464799999999999602e-02
9.968652037617555095e+01 -9.464799999999999602e-02
1.003134796238244633e+02 -9.521100000000000396e-02
1.009404388714733614e+02 -9.464799999999999602e-02
1.015673981191222595e+02 -9.464799999999999602e-02
1.021943573667711718e+02 -9.464799999999999602e-02
1.028213166144200699e+02 -9.464799999999999602e-02
1.034482758620689680e+02 -9.464799999999999602e-02
1.040752351097178803e+02 -9.464799999999999602e-02
1.047021943573667784e+02 -9.408500000000000196e-02
1.053291536050156765e+02 -9.408500000000000196e-02
1.059561128526645888e+02 -9.352100000000000690e-02
1.065830721003134869e+02 -9.352100000000000690e-02
1.072100313479623850e+02 -9.295799999999999896e-02
1.078369905956112973e+02 -9.295799999999999896e-02
1.084639498432601954e+02 -9.239400000000000390e-02
1.090909090909090935e+02 -9.183099999999999596e-02
1.097178683385580058e+02 -9.183099999999999596e-02
1.103448275862069039e+02 -9.126800000000000190e-02
1.109717868338558020e+02 -9.070400000000000684e-02
1.115987460815047143e+02 -9.014099999999999890e-02
1.122257053291536124e+02 -8.957700000000000384e-02
1.128526645768025105e+02 -8.901399999999999590e-02
1.134796238244514228e+02 -8.845100000000000184e-02
1.141065830721003209e+02 -8.788700000000000678e-02
1.147335423197492190e+02 -8.732399999999999884e-02
1.153605015673981313e+02 -8.676100000000000478e-02
1.159874608150470294e+02 -8.619699999999999585e-02
1.166144200626959275e+02 -8.563400000000000178e-02
1.172413793103448398e+02 -8.450699999999999878e-02
1.178683385579937379e+02 -8.394400000000000472e-02
1.184952978056426360e+02 -8.337999999999999579e-02
1.191222570532915483e+02 -8.225399999999999379e-02
1.197492163009404464e+02 -8.168999999999999873e-02
1.203761755485893445e+02 -8.112700000000000466e-02
1.210031347962382569e+02 -8.000000000000000167e-02
1.216300940438871550e+02 -7.943699999999999373e-02
1.222570532915360673e+02 -7.831000000000000461e-02
1.228840125391849654e+02 -7.774599999999999567e-02
1.235109717868338635e+02 -7.661999999999999367e-02
1.241379310344827758e+02 -7.549300000000000455e-02
1.247648902821316739e+02 -7.492999999999999661e-02
1.253918495297805720e+02 -7.380299999999999361e-02
1.260188087774294843e+02 -7.267600000000000449e-02
1.266457680250783824e+02 -7.211299999999999655e-02
1.272727272727272805e+02 -7.098599999999999355e-02
1.278996865203761928e+02 -6.985900000000000443e-02
1.285266457680250767e+02 -6.929599999999999649e-02
1.291536050156740032e+02 -6.816899999999999349e-02
1.297805642633229013e+02 -6.704200000000000437e-02
1.304075235109717994e+02 -6.591500000000000137e-02
1.310344827586206975e+02 -6.535199999999999343e-02
1.316614420062695956e+02 -6.422500000000000431e-02
1.322884012539184937e+02 -6.309900000000000231e-02
1.329153605015674202e+02 -6.197199999999999931e-02
1.335423197492163183e+02 -6.084500000000000325e-02
1.341692789968652164e+02 -6.028200000000000225e-02
1.347962382445141145e+02 -5.915499999999999925e-02
1.354231974921630126e+02 -5.802800000000000319e-02
1.360501567398119107e+02 -5.690100000000000019e-02
1.366771159874608372e+02 -5.577499999999999819e-02
1.373040752351097353e+02 -5.521100000000000313e-02
1.379310344827586334e+02 -5.408500000000000113e-02
1.385579937304075315e+02 -5.295799999999999813e-02
1.391849529780564296e+02 -5.183100000000000207e-02
1.398119122257053277e+02 -5.070399999999999907e-02
1.404388714733542542e+02 -5.014099999999999807e-02
1.410658307210031523e+02 -4.901400000000000201e-02
1.416927899686520504e+02 -4.788699999999999901e-02
1.423197492163009485e+02 -4.676099999999999701e-02
1.429467084639498466e+02 -4.619700000000000195e-02
1.435736677115987447e+02 -4.506999999999999895e-02
1.442006269592476713e+02 -4.394399999999999695e-02
1.448275862068965694e+02 -4.281700000000000089e-02
1.454545454545454675e+02 -4.225399999999999989e-02
1.460815047021943656e+02 -4.112699999999999689e-02
1.467084639498432637e+02 -4.000000000000000083e-02
1.473354231974921618e+02 -3.943699999999999983e-02
1.479623824451410883e+02 -3.830999999999999683e-02
1.485893416927899864e+02 -3.718300000000000077e-02
1.492163009404388845e+02 -3.661999999999999977e-02
1.498432601880877826e+02 -3.549299999999999677e-02
1.504702194357366807e+02 -3.493000000000000271e-02
1.510971786833855788e+02 -3.380299999999999971e-02
1.517241379310345053e+02 -3.323899999999999771e-02
1.523510971786834034e+02 -3.211300000000000265e-02
1.529780564263323015e+02 -3.154900000000000065e-02
1.536050156739811996e+02 -3.042299999999999865e-02
1.542319749216300977e+02 -2.985900000000000012e-02
1.548589341692789958e+02 -2.873200000000000059e-02
1.554858934169279223e+02 -2.816899999999999959e-02
1.561128526645768204e+02 -2.760599999999999860e-02
1.567398119122257185e+02 -2.647899999999999907e-02
1.573667711598746166e+02 -2.591500000000000054e-02
1.579937304075235147e+02 -2.535199999999999954e-02
1.586206896551724128e+02 -2.422500000000000001e-02
1.592476489028213393e+02 -2.366199999999999901e-02
1.598746081504702374e+02 -2.309900000000000148e-02
1.605015673981191355e+02 -2.253499999999999948e-02
1.611285266457680336e+02 -2.140799999999999995e-02
1.617554858934169317e+02 -2.084499999999999895e-02
1.623824451410658583e+02 -2.028200000000000142e-02
1.630094043887147564e+02 -1.971799999999999942e-02
1.636363636363636545e+02 -1.915499999999999842e-02
1.642633228840125525e+02 -1.859200000000000089e-02
1.648902821316614506e+02 -1.802799999999999889e-02
1.655172413793103487e+02 -1.746500000000000136e-02
1.661442006269592753e+02 -1.690099999999999936e-02
1.667711598746081734e+02 -1.633799999999999836e-02
1.673981191222570715e+02 -1.577500000000000083e-02
1.680250783699059696e+02 -1.521100000000000056e-02
1.686520376175548677e+02 -1.464799999999999956e-02
1.692789968652037658e+02 -1.408500000000000030e-02
1.699059561128526923e+02 -1.352100000000000003e-02
1.705329153605015904e+02 -1.295800000000000077e-02
1.711598746081504885e+02 -1.239400000000000050e-02
1.717868338557993866e+02 -1.239400000000000050e-02
1.724137931034482847e+02 -1.183099999999999950e-02
1.730407523510971828e+02 -1.126800000000000024e-02
1.736677115987461093e+02 -1.070399999999999997e-02
1.742946708463950074e+02 -1.070399999999999997e-02
1.749216300940439055e+02 -1.014100000000000071e-02
1.755485893416928036e+02 -9.577000000000000443e-03
1.761755485893417017e+02 -9.577000000000000443e-03
1.768025078369905998e+02 -9.013999999999999443e-03
1.774294670846395263e+02 -8.451000000000000179e-03
1.780564263322884244e+02 -8.451000000000000179e-03
1.786833855799373225e+02 -7.886999999999999914e-03
1.793103448275862206e+02 -7.886999999999999914e-03
1.799373040752351187e+02 -7.323999999999999781e-03
1.805642633228840168e+02 -7.323999999999999781e-03
1.811912225705329433e+02 -6.760999999999999649e-03
1.818181818181818414e+02 -6.760999999999999649e-03
1.824451410658307395e+02 -6.197000000000000251e-03
1.830721003134796376e+02 -6.197000000000000251e-03
1.836990595611285357e+02 -5.634000000000000119e-03
1.843260188087774338e+02 -5.634000000000000119e-03
1.849529780564263604e+02 -5.069999999999999854e-03
1.855799373040752585e+02 -5.069999999999999854e-03
1.862068965517241566e+02 -5.069999999999999854e-03
1.868338557993730547e+02 -4.506999999999999722e-03
1.874608150470219528e+02 -4.506999999999999722e-03
1.880877742946708508e+02 -3.943999999999999589e-03
1.887147335423197774e+02 -3.943999999999999589e-03
1.893416927899686755e+02 -3.943999999999999589e-03
1.899686520376175736e+02 -3.380000000000000192e-03
1.905956112852664717e+02 -3.380000000000000192e-03
1.912225705329153698e+02 -3.380000000000000192e-03
1.918495297805642679e+02 -3.380000000000000192e-03
1.924764890282131944e+02 -2.817000000000000060e-03
1.931034482758620925e+02 -2.817000000000000060e-03
1.937304075235109906e+02 -2.817000000000000060e-03
1.943573667711598887e+02 -2.817000000000000060e-03
1.949843260188087868e+02 -2.253999999999999927e-03
1.956112852664576849e+02 -2.253999999999999927e-03
1.962382445141066114e+02 -2.253999999999999927e-03
1.968652037617555095e+02 -2.253999999999999927e-03
1.974921630094044076e+02 -1.690000000000000096e-03
1.981191222570533057e+02 -1.690000000000000096e-03
1.987460815047022038e+02 -1.690000000000000096e-03
1.993730407523511019e+02 -1.690000000000000096e-03
2.000000000000000284e+02 -1.690000000000000096e-03
